/*--------------------------------*- C++ -*----------------------------------*\
  =========                 |
  \\      /  F ield         | OpenFOAM: The Open Source CFD Toolbox
   \\    /   O peration     | Website:  https://openfoam.org
    \\  /    A nd           | Version:  dev
     \\/     M anipulation  |
\*---------------------------------------------------------------------------*/
FoamFile
{
    version     2.0;
    format      ascii;
    class       volScalarField;
    location    "0.01";
    object      phi;
}
// * * * * * * * * * * * * * * * * * * * * * * * * * * * * * * * * * * * * * //

dimensions      [1 2 -3 0 0 -1 0];

internalField   nonuniform List<scalar> 
9000
(
49.9949
49.9949
49.9949
49.995
49.9951
49.9952
49.9953
49.9954
49.9954
49.9955
49.9951
49.9951
49.9951
49.9952
49.9954
49.9955
49.9956
49.9957
49.9958
49.9959
49.9955
49.9955
49.9956
49.9957
49.9959
49.9961
49.9963
49.9965
49.9966
49.9968
49.9961
49.9961
49.9963
49.9965
49.9967
49.997
49.9974
49.9977
49.998
49.9982
49.9969
49.997
49.9972
49.9976
49.9979
49.9984
49.999
49.9995
50.0001
50.0005
49.9981
49.9982
49.9985
49.999
49.9996
50.0003
50.0012
50.0022
50.0031
50.004
49.9994
49.9997
50.0001
50.0008
50.0018
50.0029
50.0043
50.0059
50.0076
50.0092
50.0011
50.0014
50.0021
50.0031
50.0045
50.0063
50.0086
50.0112
50.0141
50.0171
50.0031
50.0036
50.0045
50.006
50.008
50.0108
50.0143
50.0186
50.0236
50.029
50.0054
50.006
50.0073
50.0093
50.0123
50.0163
50.0217
50.0285
50.037
50.0471
129.986
129.986
129.986
129.986
129.986
129.986
129.986
129.986
129.986
129.986
129.986
129.986
129.986
129.986
129.987
129.987
129.987
129.987
129.987
129.987
129.987
129.987
129.987
129.987
129.988
129.988
129.988
129.988
129.988
129.988
129.988
129.988
129.988
129.989
129.989
129.989
129.99
129.99
129.99
129.99
129.99
129.99
129.99
129.991
129.991
129.992
129.992
129.993
129.993
129.994
129.992
129.992
129.993
129.993
129.994
129.995
129.996
129.996
129.997
129.998
129.995
129.995
129.996
129.996
129.997
129.998
130
130.001
130.002
130.003
129.998
129.998
129.999
130
130.001
130.003
130.005
130.007
130.009
130.011
130.001
130.002
130.003
130.004
130.006
130.009
130.011
130.014
130.017
130.02
130.005
130.006
130.007
130.009
130.012
130.015
130.019
130.023
130.027
130.031
189.975
189.975
189.975
189.975
189.975
189.975
189.975
189.975
189.975
189.975
189.975
189.975
189.975
189.975
189.976
189.976
189.976
189.976
189.976
189.975
189.976
189.976
189.976
189.976
189.976
189.977
189.977
189.977
189.977
189.977
189.977
189.977
189.977
189.978
189.978
189.978
189.978
189.978
189.978
189.978
189.979
189.979
189.979
189.979
189.98
189.98
189.98
189.98
189.98
189.98
189.981
189.981
189.981
189.982
189.982
189.982
189.983
189.983
189.983
189.983
189.983
189.983
189.984
189.984
189.985
189.985
189.986
189.986
189.987
189.987
189.986
189.986
189.987
189.987
189.988
189.989
189.99
189.99
189.991
189.991
189.989
189.99
189.99
189.991
189.992
189.993
189.994
189.995
189.996
189.997
189.993
189.993
189.994
189.995
189.996
189.997
189.999
190
190.002
190.003
229.963
229.963
229.963
229.963
229.963
229.963
229.963
229.963
229.963
229.963
229.963
229.963
229.963
229.963
229.963
229.963
229.963
229.963
229.963
229.963
229.964
229.964
229.964
229.964
229.964
229.964
229.964
229.964
229.964
229.964
229.965
229.965
229.965
229.965
229.965
229.965
229.965
229.965
229.965
229.965
229.966
229.966
229.966
229.966
229.966
229.966
229.966
229.966
229.966
229.966
229.967
229.967
229.967
229.967
229.967
229.967
229.967
229.968
229.968
229.967
229.968
229.969
229.969
229.969
229.969
229.969
229.969
229.969
229.969
229.969
229.97
229.97
229.97
229.971
229.971
229.971
229.971
229.972
229.972
229.972
229.972
229.972
229.973
229.973
229.973
229.973
229.974
229.974
229.974
229.974
229.974
229.975
229.975
229.975
229.976
229.976
229.977
229.977
229.977
229.977
249.952
249.952
249.952
249.952
249.952
249.952
249.952
249.952
249.952
249.952
249.952
249.952
249.952
249.952
249.952
249.952
249.952
249.952
249.952
249.952
249.952
249.952
249.952
249.952
249.952
249.952
249.952
249.952
249.952
249.952
249.952
249.952
249.952
249.952
249.952
249.952
249.952
249.952
249.952
249.952
249.953
249.953
249.953
249.953
249.953
249.953
249.953
249.953
249.953
249.953
249.953
249.953
249.953
249.953
249.953
249.953
249.953
249.953
249.953
249.953
249.954
249.954
249.954
249.954
249.954
249.954
249.954
249.954
249.954
249.954
249.954
249.954
249.954
249.954
249.954
249.955
249.955
249.955
249.955
249.955
249.955
249.955
249.955
249.955
249.955
249.955
249.955
249.955
249.955
249.955
249.956
249.956
249.956
249.956
249.956
249.956
249.956
249.956
249.956
249.956
249.944
249.944
249.944
249.944
249.944
249.944
249.944
249.944
249.944
249.944
249.944
249.944
249.944
249.944
249.944
249.944
249.944
249.944
249.944
249.944
249.944
249.944
249.944
249.944
249.944
249.944
249.944
249.944
249.944
249.944
249.943
249.943
249.943
249.943
249.943
249.943
249.943
249.943
249.943
249.943
249.943
249.943
249.943
249.943
249.943
249.943
249.943
249.943
249.943
249.943
249.942
249.942
249.942
249.942
249.942
249.942
249.942
249.942
249.942
249.942
249.942
249.942
249.942
249.942
249.942
249.942
249.942
249.942
249.942
249.942
249.941
249.941
249.941
249.941
249.941
249.941
249.941
249.941
249.941
249.941
249.941
249.941
249.941
249.941
249.941
249.94
249.94
249.94
249.94
249.94
249.94
249.94
249.94
249.94
249.94
249.94
249.94
249.94
249.94
249.94
229.941
229.941
229.941
229.941
229.941
229.941
229.941
229.941
229.941
229.941
229.941
229.941
229.941
229.941
229.941
229.941
229.941
229.941
229.941
229.941
229.94
229.94
229.94
229.94
229.94
229.94
229.94
229.94
229.94
229.94
229.939
229.939
229.939
229.939
229.939
229.939
229.939
229.939
229.939
229.94
229.938
229.938
229.938
229.938
229.938
229.938
229.938
229.938
229.938
229.938
229.937
229.937
229.937
229.937
229.937
229.937
229.937
229.937
229.937
229.937
229.936
229.936
229.935
229.935
229.935
229.935
229.935
229.935
229.935
229.935
229.934
229.934
229.934
229.933
229.933
229.933
229.933
229.932
229.932
229.932
229.932
229.932
229.932
229.931
229.931
229.931
229.93
229.93
229.93
229.93
229.93
229.929
229.929
229.929
229.928
229.928
229.928
229.927
229.927
229.927
189.946
189.946
189.946
189.946
189.946
189.946
189.946
189.946
189.946
189.946
189.945
189.945
189.945
189.945
189.945
189.945
189.945
189.945
189.945
189.945
189.945
189.945
189.945
189.944
189.944
189.944
189.944
189.944
189.944
189.944
189.943
189.943
189.943
189.943
189.943
189.943
189.943
189.943
189.943
189.943
189.942
189.942
189.942
189.941
189.941
189.941
189.941
189.94
189.94
189.94
189.94
189.94
189.94
189.939
189.939
189.938
189.938
189.938
189.937
189.937
189.937
189.937
189.937
189.937
189.936
189.936
189.935
189.934
189.934
189.934
189.935
189.934
189.934
189.933
189.933
189.932
189.931
189.93
189.93
189.929
189.931
189.931
189.931
189.93
189.929
189.928
189.927
189.926
189.925
189.924
189.928
189.928
189.927
189.926
189.925
189.923
189.922
189.92
189.919
189.918
129.96
129.96
129.96
129.96
129.96
129.96
129.959
129.959
129.959
129.959
129.96
129.96
129.959
129.959
129.959
129.959
129.959
129.959
129.959
129.959
129.959
129.959
129.959
129.958
129.958
129.958
129.958
129.958
129.957
129.957
129.958
129.957
129.957
129.957
129.957
129.956
129.956
129.956
129.955
129.955
129.956
129.956
129.955
129.955
129.955
129.954
129.954
129.953
129.953
129.952
129.954
129.953
129.953
129.953
129.952
129.951
129.95
129.949
129.949
129.948
129.951
129.951
129.95
129.949
129.949
129.947
129.946
129.945
129.944
129.942
129.948
129.948
129.947
129.946
129.944
129.943
129.941
129.939
129.937
129.935
129.944
129.944
129.943
129.941
129.94
129.937
129.935
129.932
129.929
129.926
129.94
129.94
129.938
129.936
129.934
129.931
129.927
129.923
129.919
129.914
49.9843
49.9843
49.9842
49.9841
49.984
49.9839
49.9838
49.9838
49.9837
49.9837
49.9841
49.9841
49.984
49.9839
49.9838
49.9837
49.9835
49.9834
49.9833
49.9833
49.9837
49.9836
49.9835
49.9834
49.9833
49.9831
49.9829
49.9827
49.9825
49.9824
49.9831
49.983
49.9829
49.9827
49.9824
49.9821
49.9818
49.9815
49.9811
49.9809
49.9822
49.9821
49.9819
49.9816
49.9812
49.9807
49.9802
49.9796
49.9791
49.9786
49.9811
49.9809
49.9806
49.9802
49.9796
49.9788
49.9779
49.977
49.976
49.9751
49.9797
49.9795
49.979
49.9783
49.9774
49.9762
49.9748
49.9732
49.9716
49.9699
49.978
49.9777
49.977
49.976
49.9746
49.9728
49.9706
49.9679
49.965
49.9621
49.976
49.9756
49.9746
49.9732
49.9711
49.9684
49.9649
49.9606
49.9556
49.9501
49.9737
49.9731
49.9719
49.9698
49.9668
49.9628
49.9575
49.9506
49.9421
49.9321
50.0282
50.0307
50.0359
50.0445
50.0575
50.0766
50.1042
50.1441
50.202
50.2865
50.0323
50.0348
50.0402
50.049
50.0624
50.082
50.1103
50.1511
50.21
50.2955
50.0332
50.0359
50.0415
50.0506
50.0642
50.084
50.1126
50.1536
50.2129
50.299
50.0322
50.0346
50.0399
50.0487
50.0621
50.0816
50.1099
50.1505
50.2093
50.2946
50.0319
50.0347
50.0403
50.0494
50.0631
50.0829
50.1116
50.1527
50.2121
50.2982
50.0262
50.0285
50.0338
50.0426
50.0559
50.0755
50.1037
50.1443
50.2031
50.2883
50.0076
50.0104
50.016
50.0251
50.0387
50.0586
50.0872
50.1283
50.1877
50.2738
49.9293
49.9316
49.9368
49.9455
49.9587
49.978
50.006
50.0464
50.1049
50.1899
49.6362
49.6383
49.6426
49.6498
49.6609
49.6776
49.7025
49.7393
49.7938
49.8746
48.5957
48.5919
48.5846
48.5742
48.5614
48.5474
48.5341
48.5242
48.5219
48.5332
130.045
130.047
130.051
130.058
130.068
130.08
130.095
130.113
130.133
130.154
130.056
130.059
130.064
130.072
130.082
130.095
130.111
130.13
130.151
130.174
130.053
130.055
130.06
130.067
130.077
130.089
130.105
130.123
130.143
130.165
130.057
130.06
130.065
130.073
130.084
130.097
130.113
130.133
130.154
130.177
130.049
130.05
130.055
130.062
130.071
130.084
130.099
130.117
130.138
130.159
130.04
130.043
130.049
130.057
130.067
130.081
130.097
130.116
130.138
130.161
129.978
129.98
129.984
129.991
130.001
130.014
130.029
130.047
130.067
130.088
129.758
129.761
129.766
129.773
129.783
129.796
129.811
129.829
129.85
129.871
128.908
128.908
128.909
128.912
128.915
128.92
128.925
128.933
128.941
128.948
125.986
125.975
125.954
125.922
125.881
125.829
125.767
125.692
125.602
125.487
190.028
190.03
190.032
190.035
190.039
190.044
190.05
190.056
190.062
190.067
190.034
190.035
190.037
190.04
190.044
190.049
190.055
190.06
190.066
190.07
190.042
190.044
190.047
190.051
190.055
190.061
190.068
190.074
190.081
190.087
190.032
190.032
190.034
190.037
190.041
190.045
190.05
190.056
190.061
190.065
190.037
190.039
190.042
190.046
190.051
190.057
190.064
190.071
190.078
190.084
190.004
190.004
190.006
190.009
190.012
190.017
190.022
190.027
190.032
190.036
189.927
189.929
189.932
189.936
189.941
189.947
189.954
189.96
189.967
189.974
189.568
189.568
189.57
189.572
189.575
189.579
189.583
189.587
189.59
189.593
188.265
188.265
188.262
188.259
188.254
188.247
188.239
188.229
188.217
188.203
183.876
183.862
183.834
183.792
183.737
183.668
183.584
183.483
183.361
183.206
229.994
229.995
229.995
229.996
229.997
229.999
230
230.002
230.003
230.004
230.007
230.008
230.009
230.011
230.013
230.015
230.017
230.019
230.021
230.023
229.997
229.997
229.997
229.998
229.999
230
230.001
230.002
230.003
230.003
230.01
230.011
230.012
230.014
230.016
230.018
230.021
230.023
230.026
230.028
229.987
229.986
229.986
229.987
229.988
229.989
229.99
229.99
229.991
229.99
229.977
229.978
229.98
229.982
229.984
229.986
229.989
229.992
229.994
229.997
229.849
229.848
229.848
229.849
229.85
229.851
229.852
229.852
229.853
229.852
229.424
229.425
229.425
229.426
229.427
229.428
229.429
229.429
229.429
229.429
227.774
227.771
227.766
227.758
227.747
227.735
227.719
227.7
227.679
227.655
222.415
222.399
222.367
222.32
222.257
222.177
222.08
221.963
221.822
221.648
249.965
249.965
249.965
249.966
249.966
249.967
249.967
249.968
249.968
249.968
249.96
249.96
249.959
249.959
249.959
249.959
249.959
249.959
249.959
249.958
249.973
249.974
249.975
249.975
249.976
249.977
249.978
249.979
249.98
249.981
249.954
249.953
249.953
249.952
249.952
249.952
249.952
249.951
249.951
249.95
249.967
249.968
249.969
249.97
249.971
249.972
249.973
249.974
249.975
249.976
249.915
249.914
249.913
249.913
249.913
249.912
249.912
249.911
249.911
249.91
249.813
249.814
249.815
249.816
249.817
249.818
249.819
249.82
249.821
249.822
249.308
249.307
249.306
249.305
249.303
249.302
249.3
249.298
249.295
249.292
247.511
247.508
247.502
247.493
247.481
247.466
247.448
247.427
247.404
247.378
241.651
241.634
241.6
241.548
241.479
241.392
241.285
241.157
241.002
240.815
249.931
249.93
249.93
249.93
249.929
249.929
249.929
249.928
249.928
249.927
249.936
249.936
249.937
249.937
249.936
249.936
249.936
249.936
249.937
249.937
249.921
249.92
249.919
249.919
249.918
249.917
249.917
249.916
249.915
249.914
249.938
249.939
249.939
249.939
249.939
249.939
249.94
249.94
249.941
249.941
249.909
249.908
249.907
249.906
249.905
249.904
249.904
249.903
249.901
249.9
249.902
249.903
249.904
249.904
249.904
249.904
249.905
249.905
249.906
249.907
249.756
249.755
249.754
249.753
249.752
249.752
249.751
249.75
249.749
249.748
249.289
249.289
249.289
249.288
249.287
249.285
249.284
249.282
249.28
249.279
247.465
247.461
247.455
247.445
247.431
247.415
247.396
247.374
247.349
247.322
241.623
241.606
241.571
241.519
241.45
241.362
241.255
241.126
240.972
240.784
229.91
229.91
229.909
229.908
229.907
229.905
229.904
229.902
229.901
229.9
229.895
229.894
229.893
229.892
229.89
229.888
229.886
229.885
229.883
229.881
229.908
229.908
229.908
229.907
229.906
229.904
229.903
229.901
229.901
229.9
229.888
229.887
229.886
229.884
229.882
229.88
229.878
229.876
229.874
229.873
229.903
229.903
229.903
229.902
229.901
229.899
229.898
229.897
229.896
229.896
229.852
229.851
229.85
229.848
229.846
229.844
229.842
229.84
229.838
229.837
229.764
229.765
229.764
229.763
229.762
229.761
229.759
229.758
229.757
229.757
229.305
229.304
229.302
229.3
229.297
229.294
229.29
229.286
229.282
229.279
227.681
227.678
227.671
227.661
227.648
227.632
227.614
227.592
227.569
227.544
222.319
222.303
222.269
222.219
222.153
222.07
221.97
221.85
221.705
221.529
189.892
189.891
189.888
189.885
189.881
189.876
189.87
189.864
189.859
189.853
189.888
189.887
189.885
189.882
189.878
189.872
189.867
189.861
189.855
189.85
189.875
189.873
189.871
189.867
189.863
189.857
189.851
189.845
189.839
189.833
189.889
189.889
189.887
189.883
189.879
189.874
189.868
189.862
189.857
189.852
189.865
189.864
189.861
189.858
189.853
189.848
189.842
189.835
189.829
189.824
189.864
189.863
189.861
189.858
189.854
189.849
189.843
189.837
189.832
189.827
189.756
189.754
189.752
189.748
189.744
189.738
189.732
189.726
189.72
189.714
189.424
189.423
189.42
189.416
189.411
189.405
189.398
189.39
189.383
189.376
188.104
188.1
188.093
188.082
188.068
188.051
188.03
188.008
187.983
187.957
183.739
183.722
183.69
183.642
183.579
183.499
183.405
183.292
183.159
182.994
129.902
129.9
129.895
129.888
129.879
129.866
129.851
129.833
129.813
129.792
129.887
129.885
129.88
129.873
129.862
129.849
129.834
129.815
129.794
129.772
129.895
129.893
129.888
129.88
129.87
129.857
129.841
129.823
129.802
129.78
129.883
129.88
129.875
129.868
129.858
129.845
129.829
129.81
129.789
129.767
129.893
129.891
129.886
129.878
129.868
129.855
129.839
129.821
129.8
129.778
129.864
129.862
129.857
129.849
129.839
129.826
129.81
129.792
129.771
129.749
129.822
129.82
129.815
129.807
129.797
129.784
129.768
129.75
129.729
129.707
129.585
129.582
129.577
129.569
129.559
129.545
129.528
129.509
129.487
129.464
128.748
128.744
128.736
128.723
128.706
128.685
128.659
128.629
128.596
128.56
125.835
125.82
125.789
125.743
125.682
125.606
125.513
125.402
125.271
125.114
49.9505
49.9481
49.9429
49.9343
49.9214
49.9023
49.8748
49.8349
49.777
49.6926
49.948
49.9454
49.9399
49.9309
49.9174
49.8977
49.8693
49.8284
49.7694
49.6837
49.944
49.9415
49.9361
49.9272
49.9138
49.8941
49.8657
49.8248
49.7657
49.68
49.9484
49.9457
49.9402
49.9311
49.9176
49.8978
49.8694
49.8285
49.7695
49.6839
49.9417
49.9392
49.9339
49.9251
49.9116
49.892
49.8636
49.8227
49.7636
49.6778
49.9429
49.9402
49.9346
49.9256
49.912
49.8923
49.8639
49.823
49.764
49.6784
49.9175
49.915
49.9097
49.9009
49.8874
49.8678
49.8394
49.7985
49.7394
49.6536
49.8451
49.8424
49.8367
49.8275
49.8138
49.7938
49.7651
49.7238
49.6644
49.5783
49.5486
49.5454
49.5388
49.528
49.5121
49.4893
49.4572
49.4121
49.3483
49.2574
48.517
48.5083
48.4906
48.463
48.4242
48.3722
48.3037
48.2141
48.0961
47.9387
46.5345
46.4776
46.3618
46.1835
45.9386
45.6245
45.246
44.8299
44.4606
44.3735
46.295
46.2278
46.0899
45.8739
45.5686
45.1569
44.6148
43.9061
42.9705
41.6839
46.0521
45.9721
45.806
45.5417
45.1579
44.6202
43.8718
42.8171
41.2859
38.9581
45.8168
45.7236
45.5293
45.2172
44.7587
44.1068
43.1863
41.8759
39.9788
37.1766
45.6009
45.4966
45.2788
44.9284
44.413
43.6806
42.651
41.2016
39.1478
36.2175
45.4143
45.3021
45.0681
44.6928
44.1432
43.3679
42.2898
40.7955
38.7212
35.8363
45.2635
45.1466
44.9039
44.5164
43.9531
43.1661
42.0851
40.609
38.5937
35.8367
45.1511
45.0323
44.7865
44.3963
43.8334
43.0549
41.999
40.5771
38.6632
36.0768
45.0773
44.9582
44.7124
44.3242
43.7681
43.0062
41.9846
40.6282
38.8312
36.4403
45.0408
44.9219
44.6769
44.291
43.7405
42.9909
41.9941
40.6862
38.9839
36.7843
120.775
120.693
120.536
120.316
120.065
119.84
119.756
120.038
121.153
124.102
120.162
120.06
119.858
119.564
119.191
118.768
118.341
117.987
117.813
117.895
119.535
119.403
119.138
118.735
118.185
117.473
116.569
115.404
113.815
111.407
118.92
118.758
118.426
117.909
117.181
116.196
114.877
113.091
110.609
107.041
118.351
118.162
117.773
117.162
116.293
115.107
113.513
111.371
108.472
104.526
117.856
117.647
117.217
116.543
115.587
114.289
112.563
110.286
107.292
103.372
117.453
117.232
116.78
116.074
115.081
113.749
112.007
109.759
106.881
103.222
117.151
116.926
116.465
115.752
114.759
113.447
111.766
109.652
107.028
103.798
116.952
116.726
116.265
115.557
114.582
113.313
111.723
109.786
107.485
104.81
116.854
116.627
116.169
115.467
114.507
113.271
111.749
109.949
107.924
105.823
176.922
176.865
176.763
176.641
176.547
176.569
176.857
177.692
179.609
183.696
176.102
176.024
175.877
175.678
175.462
175.283
175.225
175.417
176.036
177.25
175.259
175.149
174.931
174.611
174.198
173.701
173.121
172.434
171.535
170.11
174.429
174.283
173.987
173.534
172.914
172.099
171.038
169.631
167.692
164.886
173.656
173.477
173.111
172.544
171.751
170.689
169.283
167.417
164.907
161.49
172.978
172.774
172.357
171.71
170.804
169.592
168
165.921
163.199
159.632
172.422
172.202
171.756
171.067
170.109
168.843
167.21
165.125
162.474
159.104
172.002
171.776
171.318
170.618
169.657
168.409
166.84
164.905
162.546
159.679
171.723
171.496
171.038
170.343
169.403
168.207
166.752
165.045
163.113
160.997
171.585
171.358
170.902
170.215
169.292
168.139
166.773
165.251
163.703
162.407
214.673
214.638
214.578
214.519
214.507
214.619
214.98
215.813
217.514
220.849
213.767
213.714
213.616
213.495
213.384
213.338
213.438
213.803
214.594
215.996
212.838
212.756
212.596
212.368
212.087
211.772
211.442
211.102
210.715
210.122
211.924
211.808
211.575
211.225
210.755
210.153
209.393
208.415
207.102
205.25
211.068
210.921
210.62
210.159
209.522
208.679
207.578
206.129
204.196
201.579
210.313
210.14
209.788
209.246
208.491
207.488
206.175
204.458
202.2
199.206
209.689
209.5
209.117
208.529
207.715
206.642
205.257
203.481
201.195
198.227
209.214
209.018
208.622
208.019
207.196
206.13
204.79
203.134
201.096
198.57
208.897
208.7
208.303
207.703
206.897
205.878
204.648
203.217
201.616
199.885
208.739
208.542
208.147
207.553
206.764
205.786
204.647
203.411
202.228
201.409
233.635
233.606
233.559
233.514
233.511
233.609
233.904
234.553
235.82
238.177
232.702
232.658
232.579
232.483
232.401
232.378
232.483
232.811
233.498
234.713
231.751
231.682
231.549
231.361
231.136
230.895
230.659
230.45
230.273
230.083
230.816
230.717
230.519
230.223
229.832
229.342
228.738
227.988
227.028
225.751
229.94
229.812
229.551
229.154
228.608
227.894
226.971
225.772
224.193
222.087
229.164
229.012
228.702
228.226
227.567
226.692
225.55
224.057
222.087
219.46
228.52
228.352
228.012
227.489
226.768
225.815
224.583
222.991
220.919
218.187
228.029
227.853
227.499
226.96
226.223
225.269
224.064
222.561
220.687
218.319
227.699
227.522
227.165
226.628
225.905
224.991
223.883
222.59
221.133
219.541
227.534
227.357
227.002
226.469
225.761
224.884
223.862
222.758
221.719
221.053
233.612
233.584
233.536
233.491
233.487
233.584
233.879
234.528
235.797
238.159
232.681
232.637
232.558
232.461
232.378
232.354
232.458
232.785
233.472
234.687
231.731
231.662
231.528
231.34
231.114
230.871
230.634
230.423
230.243
230.048
230.797
230.698
230.498
230.202
229.81
229.318
228.712
227.959
226.995
225.711
229.922
229.793
229.532
229.133
228.587
227.871
226.945
225.743
224.159
222.047
229.146
228.994
228.683
228.207
227.546
226.67
225.526
224.03
222.055
219.422
228.503
228.335
227.994
227.471
226.748
225.794
224.56
222.965
220.891
218.153
228.012
227.836
227.481
226.942
226.205
225.249
224.042
222.537
220.661
218.291
227.682
227.505
227.148
226.61
225.887
224.972
223.863
222.568
221.11
219.518
227.518
227.34
226.985
226.452
225.743
224.865
223.843
222.738
221.698
221.034
214.613
214.577
214.515
214.455
214.441
214.55
214.91
215.743
217.448
220.795
213.709
213.655
213.556
213.433
213.32
213.271
213.368
213.73
214.52
215.92
212.783
212.7
212.538
212.308
212.024
211.706
211.372
211.026
210.63
210.023
211.871
211.755
211.52
211.167
210.694
210.088
209.322
208.336
207.011
205.141
211.018
210.869
210.567
210.104
209.464
208.616
207.509
206.051
204.106
201.471
210.265
210.091
209.737
209.193
208.435
207.428
206.109
204.385
202.115
199.106
209.642
209.453
209.068
208.478
207.662
206.586
205.196
203.413
201.118
198.14
209.169
208.972
208.576
207.971
207.145
206.077
204.734
203.073
201.029
198.496
208.853
208.655
208.257
207.657
206.849
205.828
204.595
203.161
201.557
199.823
208.695
208.498
208.102
207.508
206.717
205.737
204.595
203.358
202.173
201.358
176.837
176.779
176.674
176.548
176.451
176.467
176.751
177.583
179.502
183.6
176.023
175.944
175.794
175.592
175.371
175.187
175.124
175.311
175.923
177.131
175.185
175.073
174.853
174.529
174.112
173.609
173.023
172.327
171.415
169.97
174.36
174.212
173.913
173.457
172.832
172.011
170.942
169.525
167.57
164.74
173.59
173.41
173.041
172.471
171.674
170.606
169.193
167.315
164.789
161.351
172.915
172.71
172.291
171.641
170.732
169.515
167.916
165.827
163.091
159.507
172.362
172.141
171.693
171.002
170.042
168.772
167.132
165.04
162.379
158.997
171.944
171.717
171.259
170.557
169.593
168.342
166.769
164.828
162.463
159.589
171.667
171.439
170.98
170.284
169.342
168.144
166.686
164.975
163.039
160.922
171.529
171.302
170.846
170.157
169.233
168.078
166.709
165.185
163.636
162.343
120.695
120.611
120.45
120.225
119.967
119.734
119.641
119.914
121.022
123.97
120.089
119.985
119.78
119.481
119.103
118.672
118.237
117.875
117.691
117.762
119.467
119.334
119.067
118.659
118.104
117.386
116.474
115.3
113.698
111.272
118.858
118.694
118.36
117.84
117.107
116.116
114.789
112.994
110.499
106.912
118.294
118.103
117.712
117.098
116.225
115.034
113.433
111.282
108.371
104.409
117.802
117.592
117.16
116.484
115.525
114.222
112.491
110.206
107.203
103.27
117.402
117.181
116.727
116.02
115.024
113.689
111.942
109.688
106.803
103.136
117.103
116.876
116.415
115.701
114.706
113.392
111.707
109.589
106.96
103.725
116.905
116.678
116.217
115.508
114.532
113.261
111.668
109.729
107.425
104.749
116.807
116.581
116.122
115.419
114.458
113.22
111.696
109.894
107.869
105.772
46.4975
46.4392
46.3204
46.1377
45.8867
45.5647
45.1765
44.7487
44.3665
44.2671
46.2622
46.1939
46.0537
45.8344
45.5246
45.1075
44.5588
43.8429
42.9
41.607
46.0229
45.942
45.7742
45.5073
45.1203
44.5786
43.8258
42.7661
41.2297
38.8967
45.7906
45.6967
45.501
45.187
44.726
44.0712
43.1473
41.8331
39.9316
37.1245
45.5772
45.4723
45.2534
44.9016
44.3844
43.6498
42.6175
41.165
39.1072
36.1725
45.3926
45.2799
45.0451
44.6688
44.1179
43.341
42.2608
40.7639
38.6864
35.7977
45.2432
45.126
44.8827
44.4946
43.9304
43.1422
42.0598
40.5816
38.5637
35.8042
45.1319
45.0129
44.7667
44.3761
43.8126
43.0335
41.9765
40.553
38.6372
36.0492
45.0587
44.9394
44.6935
44.3051
43.7487
42.9862
41.9639
40.6063
38.8081
36.4169
45.0226
44.9036
44.6585
44.2725
43.7218
42.9716
41.974
40.665
38.9623
36.7639
49.9955
49.9954
49.9954
49.9954
49.9953
49.9953
49.9952
49.9951
49.995
49.9949
49.9959
49.9959
49.9959
49.9958
49.9958
49.9957
49.9956
49.9955
49.9954
49.9953
49.9968
49.9968
49.9968
49.9968
49.9967
49.9967
49.9966
49.9965
49.9963
49.9962
49.9984
49.9984
49.9984
49.9984
49.9984
49.9983
49.9982
49.9981
49.9979
49.9978
50.0008
50.0009
50.001
50.001
50.001
50.001
50.0009
50.0007
50.0005
50.0003
50.0045
50.0048
50.005
50.0051
50.0052
50.0051
50.005
50.0049
50.0046
50.0042
50.0102
50.0107
50.0111
50.0115
50.0117
50.0117
50.0117
50.0114
50.0111
50.0105
50.019
50.02
50.0209
50.0216
50.022
50.0223
50.0223
50.022
50.0215
50.0207
50.0327
50.0348
50.0365
50.0379
50.039
50.0396
50.0398
50.0395
50.0387
50.0375
50.0545
50.0586
50.0621
50.0649
50.067
50.0684
50.0689
50.0686
50.0676
50.0657
129.986
129.986
129.986
129.986
129.986
129.986
129.985
129.985
129.985
129.985
129.987
129.987
129.987
129.987
129.986
129.986
129.986
129.986
129.986
129.985
129.988
129.988
129.988
129.988
129.988
129.988
129.987
129.987
129.987
129.987
129.99
129.99
129.99
129.99
129.99
129.99
129.99
129.989
129.989
129.989
129.994
129.994
129.994
129.994
129.993
129.993
129.993
129.993
129.992
129.992
129.998
129.998
129.998
129.998
129.998
129.998
129.997
129.997
129.997
129.996
130.004
130.004
130.004
130.004
130.004
130.004
130.004
130.003
130.003
130.002
130.011
130.012
130.012
130.012
130.012
130.012
130.012
130.011
130.011
130.01
130.021
130.022
130.022
130.023
130.023
130.023
130.023
130.022
130.021
130.02
130.034
130.035
130.036
130.037
130.037
130.037
130.037
130.036
130.035
130.033
189.975
189.975
189.975
189.974
189.974
189.974
189.974
189.974
189.973
189.973
189.975
189.975
189.975
189.975
189.975
189.975
189.974
189.974
189.974
189.974
189.976
189.976
189.976
189.976
189.976
189.976
189.975
189.975
189.975
189.975
189.978
189.978
189.978
189.978
189.977
189.977
189.977
189.977
189.976
189.976
189.98
189.98
189.98
189.98
189.98
189.98
189.979
189.979
189.979
189.978
189.983
189.983
189.983
189.983
189.983
189.982
189.982
189.982
189.981
189.981
189.987
189.987
189.987
189.987
189.987
189.986
189.986
189.985
189.985
189.984
189.992
189.992
189.992
189.991
189.991
189.991
189.99
189.99
189.989
189.989
189.997
189.997
189.997
189.997
189.997
189.997
189.996
189.996
189.995
189.994
190.003
190.003
190.003
190.003
190.003
190.003
190.002
190.002
190.001
190
229.963
229.962
229.962
229.962
229.962
229.962
229.962
229.962
229.961
229.961
229.963
229.963
229.963
229.963
229.962
229.962
229.962
229.962
229.962
229.962
229.963
229.963
229.963
229.963
229.963
229.963
229.963
229.963
229.962
229.962
229.964
229.964
229.964
229.964
229.964
229.964
229.964
229.963
229.963
229.963
229.966
229.966
229.965
229.965
229.965
229.965
229.965
229.965
229.964
229.964
229.967
229.967
229.967
229.967
229.967
229.967
229.966
229.966
229.966
229.966
229.969
229.969
229.969
229.969
229.969
229.968
229.968
229.968
229.968
229.967
229.972
229.972
229.971
229.971
229.971
229.971
229.971
229.97
229.97
229.97
229.974
229.974
229.974
229.974
229.974
229.973
229.973
229.973
229.972
229.972
229.978
229.978
229.977
229.977
229.977
229.977
229.976
229.976
229.975
229.975
249.952
249.952
249.952
249.952
249.951
249.951
249.951
249.951
249.951
249.951
249.952
249.952
249.952
249.952
249.952
249.952
249.951
249.951
249.951
249.951
249.952
249.952
249.952
249.952
249.952
249.952
249.952
249.952
249.952
249.951
249.952
249.952
249.952
249.952
249.952
249.952
249.952
249.952
249.952
249.952
249.953
249.953
249.953
249.953
249.952
249.952
249.952
249.952
249.952
249.952
249.953
249.953
249.953
249.953
249.953
249.953
249.953
249.953
249.953
249.953
249.954
249.954
249.954
249.954
249.954
249.953
249.953
249.953
249.953
249.953
249.954
249.954
249.954
249.954
249.954
249.954
249.954
249.954
249.954
249.954
249.955
249.955
249.955
249.955
249.955
249.955
249.955
249.955
249.955
249.955
249.956
249.956
249.956
249.956
249.956
249.955
249.955
249.955
249.955
249.955
249.944
249.944
249.944
249.944
249.944
249.944
249.944
249.944
249.944
249.945
249.944
249.944
249.944
249.944
249.944
249.944
249.944
249.944
249.944
249.944
249.944
249.944
249.944
249.944
249.944
249.944
249.944
249.944
249.944
249.944
249.943
249.943
249.944
249.944
249.944
249.944
249.944
249.944
249.944
249.944
249.943
249.943
249.943
249.943
249.943
249.943
249.943
249.943
249.944
249.944
249.943
249.943
249.943
249.943
249.943
249.943
249.943
249.943
249.943
249.943
249.942
249.942
249.942
249.942
249.942
249.942
249.942
249.942
249.943
249.943
249.941
249.941
249.941
249.941
249.941
249.942
249.942
249.942
249.942
249.942
249.94
249.94
249.94
249.94
249.941
249.941
249.941
249.941
249.941
249.941
249.94
249.94
249.94
249.94
249.94
249.94
249.94
249.94
249.941
249.941
229.942
229.942
229.942
229.942
229.942
229.942
229.942
229.942
229.943
229.943
229.941
229.941
229.941
229.942
229.942
229.942
229.942
229.942
229.942
229.943
229.941
229.941
229.941
229.941
229.941
229.941
229.941
229.942
229.942
229.942
229.94
229.94
229.94
229.94
229.94
229.94
229.94
229.941
229.941
229.941
229.938
229.938
229.939
229.939
229.939
229.939
229.939
229.939
229.94
229.94
229.937
229.937
229.937
229.937
229.937
229.937
229.938
229.938
229.938
229.938
229.935
229.935
229.935
229.935
229.935
229.936
229.936
229.936
229.936
229.937
229.932
229.933
229.933
229.933
229.933
229.933
229.934
229.934
229.934
229.935
229.93
229.93
229.93
229.93
229.93
229.931
229.931
229.931
229.932
229.932
229.926
229.927
229.927
229.927
229.927
229.927
229.928
229.928
229.929
229.929
189.946
189.946
189.946
189.946
189.947
189.947
189.947
189.947
189.947
189.948
189.945
189.946
189.946
189.946
189.946
189.946
189.946
189.947
189.947
189.947
189.944
189.944
189.945
189.945
189.945
189.945
189.945
189.946
189.946
189.946
189.943
189.943
189.943
189.943
189.943
189.944
189.944
189.944
189.944
189.945
189.94
189.941
189.941
189.941
189.941
189.941
189.942
189.942
189.942
189.943
189.937
189.938
189.938
189.938
189.938
189.938
189.939
189.939
189.939
189.94
189.934
189.934
189.934
189.934
189.934
189.934
189.935
189.935
189.936
189.936
189.929
189.929
189.929
189.929
189.93
189.93
189.93
189.931
189.931
189.932
189.924
189.924
189.924
189.924
189.924
189.924
189.925
189.925
189.926
189.927
189.918
189.917
189.917
189.917
189.918
189.918
189.918
189.919
189.92
189.921
129.96
129.96
129.96
129.96
129.96
129.96
129.96
129.961
129.961
129.961
129.959
129.959
129.959
129.959
129.959
129.959
129.96
129.96
129.96
129.96
129.957
129.958
129.958
129.958
129.958
129.958
129.958
129.959
129.959
129.959
129.955
129.955
129.955
129.955
129.956
129.956
129.956
129.956
129.957
129.957
129.952
129.952
129.952
129.952
129.952
129.953
129.953
129.953
129.954
129.954
129.948
129.948
129.948
129.948
129.948
129.948
129.948
129.949
129.949
129.95
129.942
129.942
129.942
129.942
129.942
129.942
129.942
129.943
129.943
129.944
129.934
129.934
129.934
129.934
129.934
129.934
129.934
129.935
129.935
129.936
129.925
129.924
129.923
129.923
129.923
129.923
129.923
129.924
129.925
129.926
129.912
129.911
129.91
129.909
129.909
129.909
129.909
129.91
129.911
129.912
49.9837
49.9837
49.9837
49.9838
49.9838
49.9839
49.984
49.9841
49.9842
49.9843
49.9833
49.9833
49.9833
49.9833
49.9834
49.9834
49.9835
49.9836
49.9837
49.9839
49.9823
49.9823
49.9823
49.9824
49.9824
49.9825
49.9826
49.9827
49.9828
49.9829
49.9808
49.9807
49.9807
49.9807
49.9808
49.9808
49.9809
49.981
49.9812
49.9814
49.9784
49.9782
49.9782
49.9781
49.9781
49.9782
49.9783
49.9784
49.9786
49.9789
49.9746
49.9744
49.9742
49.974
49.974
49.974
49.9741
49.9743
49.9746
49.9749
49.9689
49.9684
49.968
49.9677
49.9675
49.9674
49.9675
49.9677
49.9681
49.9686
49.9601
49.9591
49.9583
49.9576
49.9571
49.9569
49.9569
49.9571
49.9576
49.9584
49.9464
49.9444
49.9426
49.9412
49.9402
49.9396
49.9394
49.9397
49.9404
49.9416
49.9247
49.9206
49.9171
49.9142
49.9121
49.9108
49.9102
49.9105
49.9116
49.9135
50.3751
50.4181
50.4522
50.4783
50.4973
50.5096
50.5156
50.5155
50.5094
50.497
50.3847
50.4281
50.4625
50.4889
50.5081
50.5205
50.5266
50.5264
50.5201
50.5075
50.3887
50.4322
50.4667
50.4931
50.5123
50.5247
50.5307
50.5305
50.5241
50.5114
50.3837
50.427
50.4615
50.4879
50.507
50.5195
50.5255
50.5254
50.5191
50.5065
50.3881
50.4316
50.4661
50.4926
50.5117
50.5241
50.5302
50.5299
50.5235
50.5108
50.3773
50.4207
50.4551
50.4815
50.5007
50.5131
50.5192
50.5191
50.5129
50.5003
50.3637
50.4072
50.4417
50.4681
50.4873
50.4997
50.5057
50.5055
50.4991
50.4864
50.2787
50.3219
50.3562
50.3824
50.4014
50.4137
50.4196
50.4193
50.4129
50.4001
49.9602
50.0012
50.0332
50.0572
50.0738
50.0837
50.0872
50.0846
50.0758
50.0606
48.557
48.5577
48.5446
48.5207
48.4894
48.4536
48.4156
48.3768
48.3379
48.2987
130.168
130.176
130.182
130.187
130.191
130.192
130.192
130.191
130.187
130.182
130.189
130.196
130.203
130.208
130.212
130.213
130.213
130.211
130.207
130.201
130.179
130.186
130.193
130.198
130.201
130.203
130.203
130.202
130.198
130.193
130.192
130.2
130.206
130.211
130.215
130.217
130.216
130.214
130.21
130.204
130.172
130.18
130.186
130.192
130.195
130.197
130.197
130.195
130.192
130.186
130.176
130.184
130.191
130.196
130.199
130.201
130.201
130.199
130.194
130.189
130.102
130.11
130.116
130.121
130.125
130.127
130.127
130.125
130.122
130.116
129.885
129.893
129.899
129.903
129.906
129.907
129.907
129.904
129.9
129.893
128.952
128.953
128.952
128.951
128.947
128.942
128.935
128.926
128.915
128.903
125.374
125.296
125.201
125.095
124.983
124.869
124.76
124.656
124.561
124.474
190.07
190.071
190.072
190.073
190.073
190.072
190.071
190.07
190.068
190.065
190.073
190.074
190.075
190.075
190.075
190.075
190.074
190.072
190.07
190.068
190.09
190.092
190.093
190.093
190.093
190.092
190.091
190.089
190.086
190.083
190.067
190.068
190.069
190.07
190.07
190.069
190.068
190.067
190.065
190.063
190.088
190.089
190.09
190.09
190.09
190.089
190.088
190.086
190.083
190.08
190.038
190.039
190.04
190.041
190.041
190.041
190.04
190.039
190.037
190.035
189.977
189.979
189.979
189.98
189.98
189.979
189.977
189.975
189.973
189.969
189.594
189.594
189.595
189.594
189.594
189.593
189.591
189.589
189.586
189.583
188.19
188.182
188.173
188.163
188.153
188.141
188.13
188.117
188.104
188.091
183.059
182.958
182.84
182.708
182.567
182.423
182.282
182.144
182.014
181.891
230.004
230.004
230.004
230.004
230.003
230.003
230.002
230.001
230
229.999
230.023
230.023
230.023
230.023
230.022
230.021
230.02
230.019
230.018
230.016
230.002
230.002
230.002
230.002
230.002
230.001
230.001
230
230
229.999
230.029
230.029
230.029
230.028
230.027
230.026
230.025
230.024
230.022
230.02
229.99
229.99
229.99
229.99
229.989
229.989
229.989
229.988
229.988
229.987
229.998
229.998
229.998
229.997
229.997
229.996
229.994
229.993
229.991
229.989
229.852
229.852
229.852
229.852
229.852
229.851
229.851
229.851
229.85
229.85
229.429
229.428
229.427
229.425
229.424
229.422
229.42
229.418
229.415
229.412
227.636
227.624
227.612
227.6
227.587
227.574
227.561
227.547
227.534
227.52
221.487
221.38
221.257
221.122
220.978
220.83
220.68
220.532
220.386
220.245
249.968
249.968
249.968
249.968
249.968
249.968
249.967
249.967
249.967
249.966
249.958
249.958
249.958
249.958
249.958
249.958
249.958
249.958
249.958
249.958
249.981
249.981
249.981
249.981
249.98
249.98
249.979
249.978
249.977
249.976
249.949
249.949
249.949
249.949
249.949
249.949
249.949
249.949
249.95
249.95
249.977
249.977
249.977
249.977
249.976
249.975
249.975
249.974
249.973
249.971
249.909
249.909
249.909
249.909
249.909
249.909
249.91
249.91
249.91
249.911
249.823
249.823
249.823
249.822
249.822
249.821
249.821
249.82
249.819
249.818
249.29
249.289
249.288
249.287
249.286
249.285
249.284
249.283
249.282
249.282
247.358
247.345
247.332
247.319
247.305
247.291
247.277
247.262
247.248
247.233
240.648
240.538
240.415
240.282
240.141
239.995
239.847
239.698
239.549
239.402
249.927
249.927
249.927
249.928
249.928
249.928
249.928
249.929
249.929
249.93
249.938
249.938
249.938
249.938
249.938
249.938
249.938
249.938
249.938
249.938
249.914
249.914
249.914
249.914
249.915
249.915
249.916
249.917
249.918
249.919
249.942
249.942
249.942
249.942
249.942
249.942
249.942
249.941
249.941
249.941
249.9
249.9
249.9
249.901
249.901
249.902
249.903
249.904
249.905
249.906
249.908
249.908
249.908
249.908
249.908
249.907
249.907
249.907
249.907
249.906
249.747
249.747
249.747
249.748
249.748
249.749
249.75
249.751
249.752
249.753
249.277
249.277
249.275
249.274
249.273
249.272
249.271
249.27
249.269
249.268
247.302
247.289
247.276
247.263
247.25
247.237
247.224
247.211
247.198
247.185
240.617
240.507
240.385
240.252
240.111
239.966
239.818
239.669
239.521
239.374
229.9
229.9
229.9
229.9
229.901
229.901
229.902
229.902
229.903
229.904
229.881
229.881
229.881
229.882
229.882
229.883
229.884
229.885
229.887
229.889
229.9
229.9
229.9
229.9
229.901
229.901
229.901
229.902
229.903
229.903
229.872
229.872
229.872
229.873
229.874
229.875
229.876
229.877
229.879
229.881
229.897
229.896
229.896
229.896
229.897
229.897
229.897
229.897
229.898
229.899
229.836
229.836
229.836
229.837
229.838
229.839
229.84
229.842
229.844
229.846
229.757
229.757
229.757
229.757
229.757
229.758
229.758
229.758
229.759
229.76
229.277
229.276
229.275
229.275
229.275
229.275
229.275
229.275
229.276
229.277
227.525
227.513
227.501
227.489
227.477
227.465
227.453
227.441
227.429
227.417
221.368
221.26
221.138
221.003
220.86
220.713
220.565
220.419
220.276
220.137
189.851
189.849
189.849
189.848
189.848
189.849
189.85
189.851
189.853
189.856
189.847
189.846
189.845
189.845
189.845
189.845
189.846
189.847
189.849
189.852
189.83
189.829
189.828
189.828
189.828
189.829
189.831
189.833
189.835
189.839
189.85
189.848
189.847
189.847
189.846
189.847
189.847
189.849
189.85
189.853
189.821
189.819
189.819
189.818
189.819
189.82
189.821
189.824
189.826
189.83
189.825
189.824
189.823
189.822
189.822
189.822
189.823
189.824
189.826
189.828
189.711
189.71
189.709
189.709
189.709
189.71
189.712
189.714
189.717
189.72
189.373
189.371
189.369
189.367
189.367
189.366
189.366
189.367
189.368
189.37
187.939
187.928
187.917
187.907
187.897
187.887
187.878
187.869
187.861
187.854
182.842
182.739
182.618
182.485
182.344
182.202
182.062
181.928
181.802
181.684
129.778
129.77
129.764
129.759
129.755
129.753
129.753
129.755
129.758
129.763
129.757
129.75
129.743
129.738
129.735
129.733
129.733
129.735
129.739
129.745
129.766
129.758
129.752
129.746
129.743
129.741
129.741
129.742
129.746
129.751
129.753
129.745
129.738
129.733
129.73
129.729
129.729
129.731
129.735
129.741
129.764
129.756
129.749
129.744
129.74
129.738
129.738
129.74
129.743
129.749
129.734
129.727
129.72
129.715
129.712
129.711
129.711
129.713
129.717
129.724
129.693
129.685
129.678
129.673
129.67
129.668
129.667
129.669
129.672
129.678
129.448
129.44
129.433
129.428
129.424
129.422
129.422
129.423
129.427
129.432
128.535
128.521
128.507
128.495
128.485
128.476
128.469
128.464
128.46
128.459
124.972
124.879
124.771
124.655
124.536
124.419
124.309
124.21
124.122
124.047
49.604
49.5611
49.527
49.5009
49.482
49.4697
49.4637
49.4638
49.47
49.4824
49.5943
49.5508
49.5164
49.4899
49.4707
49.4582
49.4521
49.4522
49.4584
49.471
49.5905
49.5471
49.5127
49.4863
49.4672
49.4549
49.4489
49.4492
49.4556
49.4684
49.5945
49.551
49.5165
49.49
49.4708
49.4583
49.4521
49.4521
49.4583
49.4709
49.5884
49.545
49.5106
49.4842
49.4651
49.4528
49.4469
49.4472
49.4537
49.4666
49.589
49.5455
49.511
49.4845
49.4653
49.4527
49.4466
49.4466
49.4528
49.4653
49.5642
49.5208
49.4863
49.46
49.4409
49.4286
49.4227
49.423
49.4295
49.4423
49.4886
49.445
49.4103
49.3837
49.3643
49.3516
49.3453
49.3452
49.3512
49.3636
49.164
49.1182
49.0813
49.0524
49.0307
49.0158
49.0074
49.0052
49.0092
49.0196
47.7856
47.7004
47.6192
47.5432
47.4741
47.4138
47.3638
47.3253
47.2988
47.2845
43.6882
44.8924
41.602
37.8473
34.3409
31.5276
29.6214
28.6274
28.3672
28.5191
40.0459
38.5071
36.1836
33.41
30.5868
28.1641
26.4535
25.5567
25.3617
25.5803
35.9079
34.0315
31.33
28.5454
25.9625
23.8468
22.3985
21.6875
21.6169
21.9287
33.7777
31.6528
28.5174
25.3361
22.5157
20.3338
18.9354
18.3229
18.3531
18.7525
32.8401
30.6264
27.2406
23.7362
20.6137
18.2166
16.709
16.0751
16.1367
16.5878
32.6083
30.4309
27.0162
23.4142
20.1576
17.6279
16.0192
15.3287
15.3744
15.8336
32.8002
30.7433
27.4983
24.0512
20.9092
18.4449
16.8577
16.1587
16.181
16.6131
33.2496
31.3779
28.4714
25.4083
22.6238
20.4378
19.0241
18.3953
18.408
18.788
33.8536
32.2265
29.797
27.2969
25.0569
23.3146
22.1955
21.703
21.721
22.0316
34.5322
33.2081
31.3461
29.5107
27.9162
26.7048
25.9437
25.6215
25.6513
25.8812
127.105
131.612
125.46
117.771
110.245
103.968
99.5054
96.9429
95.9405
95.8233
117.819
116.046
112.732
107.831
102.211
96.9991
93.0447
90.7067
89.8326
89.842
107.927
105.419
101.298
96.5378
91.6733
87.3368
84.0914
82.228
81.6482
81.8638
102.704
99.6092
94.4787
88.8367
83.5062
79.123
76.0889
74.5172
74.1993
74.6235
100.14
96.8134
91.1199
84.7972
78.8714
74.1065
70.923
69.3725
69.161
69.713
99.2234
95.9731
90.2853
83.877
77.813
72.9091
69.6251
68.0268
67.8116
68.3841
99.4653
96.5322
91.3881
85.5637
80.0147
75.4889
72.4239
70.9022
70.6628
71.1621
100.569
98.1669
94.0513
89.4329
85.0379
81.4374
78.9735
77.7194
77.4807
77.8332
102.286
100.62
97.9462
95.0345
92.2933
90.0447
88.4838
87.6538
87.4403
87.5884
104.33
103.593
102.643
101.732
100.923
100.258
99.7611
99.4358
99.2547
99.1592
188.086
193.085
187.561
180.348
173.088
166.862
162.27
159.455
158.137
157.685
178.463
177.287
174.634
170.223
164.882
159.738
155.671
153.09
151.902
151.572
167.73
165.812
162.4
158.21
153.715
149.531
146.241
144.18
143.308
143.193
161.369
158.795
154.41
149.475
144.699
140.649
137.713
136.034
135.468
135.577
157.634
154.763
149.886
144.479
139.387
135.235
132.372
130.853
130.454
130.705
155.792
152.986
148.283
143.11
138.27
134.354
131.683
130.295
129.959
130.231
155.578
153.178
149.336
145.219
141.417
138.356
136.26
135.151
134.853
135.028
156.782
155.123
152.815
150.559
148.587
147.035
145.957
145.335
145.086
145.06
159.081
158.495
158.32
158.604
159.108
159.591
159.884
159.919
159.727
159.41
161.981
162.769
165.141
168.381
171.734
174.551
176.415
177.198
177.06
176.389
224.406
227.956
224.056
218.926
213.708
209.157
205.703
203.464
202.262
201.667
217.547
216.824
214.856
211.518
207.476
203.563
200.41
198.309
197.193
196.687
209.006
207.794
205.349
202.197
198.756
195.516
192.914
191.188
190.306
189.963
202.968
201.224
198.188
194.737
191.366
188.465
186.291
184.94
184.32
184.148
198.632
196.596
193.363
189.945
186.82
184.3
182.528
181.501
181.085
181.024
195.928
193.926
191.093
188.359
186.045
184.298
183.134
182.483
182.217
182.169
195.03
193.438
191.689
190.417
189.639
189.232
189.028
188.892
188.753
188.602
195.933
195.162
195.224
196.224
197.734
199.26
200.396
200.937
200.91
200.541
198.311
198.772
201.327
205.318
209.761
213.713
216.501
217.848
217.913
217.217
201.516
203.569
209.096
216.539
224.309
230.99
235.617
237.847
237.984
236.883
240.634
242.818
239.991
236.361
232.684
229.457
226.959
225.264
224.253
223.645
236.183
235.633
233.979
231.31
228.187
225.212
222.811
221.159
220.192
219.643
229.741
228.934
227.041
224.515
221.763
219.194
217.125
215.706
214.893
214.458
224.321
223.116
220.957
218.482
216.055
213.951
212.335
211.259
210.656
210.342
219.806
218.339
216.227
214.171
212.406
211.03
210.044
209.399
209.014
208.78
216.608
215.154
213.6
212.543
211.978
211.75
211.661
211.56
211.384
211.153
215.226
214.163
213.807
214.447
215.719
217.134
218.252
218.821
218.834
218.502
215.822
215.592
217.155
220.252
224.037
227.603
230.235
231.591
231.759
231.209
218.095
219.142
223.324
229.584
236.482
242.636
247.039
249.272
249.554
248.671
221.318
224.027
231.327
241.214
251.611
260.636
266.979
270.147
270.513
269.211
240.646
242.821
239.999
236.376
232.706
229.486
226.993
225.3
224.29
223.681
236.209
235.66
234.007
231.34
228.219
225.247
222.848
221.197
220.229
219.68
229.782
228.978
227.087
224.561
221.809
219.239
217.168
215.748
214.934
214.497
224.369
223.167
221.011
218.536
216.109
214.002
212.383
211.305
210.7
210.385
219.854
218.39
216.282
214.228
212.462
211.084
210.095
209.448
209.061
208.826
216.651
215.2
213.65
212.596
212.031
211.801
211.71
211.607
211.43
211.198
215.264
214.203
213.85
214.491
215.764
217.178
218.294
218.861
218.873
218.54
215.853
215.623
217.188
220.286
224.07
227.634
230.265
231.619
231.786
231.235
218.119
219.166
223.347
229.605
236.501
242.651
247.053
249.283
249.565
248.681
221.335
224.042
231.338
241.22
251.613
260.633
266.973
270.139
270.505
269.202
224.444
227.972
224.088
218.981
213.786
209.256
205.817
203.585
202.383
201.786
217.625
216.906
214.942
211.611
207.578
203.673
200.526
198.427
197.31
196.801
209.123
207.919
205.478
202.327
198.884
195.642
193.036
191.306
190.421
190.074
203.098
201.364
198.334
194.884
191.509
188.601
186.419
185.061
184.436
184.261
198.76
196.733
193.508
190.092
186.965
184.437
182.657
181.623
181.201
181.137
196.042
194.048
191.223
188.493
186.178
184.426
183.256
182.598
182.328
182.276
195.127
193.54
191.798
190.529
189.75
189.339
189.131
188.99
188.847
188.693
196.012
195.244
195.309
196.308
197.816
199.337
200.469
201.006
200.976
200.604
198.373
198.834
201.386
205.372
209.808
213.753
216.534
217.878
217.939
217.242
201.561
203.609
209.126
216.556
224.315
230.985
235.605
237.83
237.965
236.864
188.166
193.141
187.644
180.468
173.245
167.05
162.478
159.672
158.354
157.898
178.588
177.421
174.777
170.378
165.052
159.92
155.861
153.283
152.093
151.759
167.895
165.988
162.582
158.393
153.896
149.708
146.412
144.345
143.469
143.35
161.542
158.979
154.599
149.663
144.879
140.817
137.869
136.181
135.607
135.713
157.796
154.935
150.064
144.657
139.557
135.392
132.516
130.987
130.58
130.826
155.933
153.136
148.439
143.266
138.42
134.495
131.813
130.415
130.073
130.341
155.696
153.301
149.464
145.347
141.541
138.472
136.369
135.252
134.95
135.121
156.877
155.222
152.915
150.657
148.68
147.121
146.036
145.408
145.156
145.126
159.157
158.571
158.392
158.67
159.164
159.638
159.924
159.953
159.759
159.439
162.037
162.818
165.18
168.407
171.748
174.554
176.41
177.189
177.049
176.376
127.231
131.728
125.607
117.956
110.466
104.219
99.7749
97.2198
96.2158
96.0921
117.963
116.201
112.899
108.012
102.407
97.2077
93.2605
90.924
90.0471
90.0513
108.083
105.583
101.467
96.7073
91.8397
87.4983
84.2475
82.3787
81.7943
82.0059
102.853
99.7643
94.635
88.9873
83.6458
79.2496
76.2032
74.6221
74.2984
74.7193
100.272
96.9509
91.2581
84.9289
78.9911
74.2116
71.0142
69.4533
69.2357
69.7847
99.3352
96.0893
90.4025
83.9894
77.9156
72.9994
69.7033
68.0959
67.8753
68.4451
99.5569
96.6267
91.4835
85.6558
80.0996
75.5645
72.4906
70.962
70.7185
71.2155
100.644
98.2431
94.1274
89.5055
85.1042
81.4962
79.0254
77.7663
77.5246
77.8754
102.347
100.68
98.0038
95.0868
92.3385
90.0827
88.5159
87.6819
87.4658
87.6123
104.374
103.634
102.677
101.759
100.942
100.271
99.7703
99.4425
99.2598
99.1629
43.7862
44.9986
41.7226
37.985
34.4951
31.6951
29.7972
28.8059
28.5436
28.691
40.1247
38.5905
36.2733
33.5067
30.6903
28.2727
26.5649
25.6681
25.4713
25.6871
35.9724
34.0972
31.396
28.6106
26.0258
23.9076
22.4566
21.7431
21.6704
21.9808
33.8335
31.7086
28.5707
25.3846
22.5579
20.3695
18.9653
18.3487
18.3767
18.7753
32.8888
30.6754
27.287
23.7771
20.6474
18.2425
16.7281
16.0896
16.1489
16.5993
32.6497
30.4728
27.0564
23.4501
20.1873
17.6508
16.036
15.3413
15.3849
15.8434
32.8342
30.7777
27.5317
24.0817
20.9352
18.4658
16.8741
16.172
16.1926
16.6241
33.2779
31.4064
28.4992
25.4339
22.6459
20.4562
19.0393
18.4083
18.4199
18.7996
33.8772
32.2502
29.8197
27.3173
25.0744
23.3291
22.2077
21.7138
21.7309
22.0408
34.5502
33.2248
31.3609
29.5234
27.9269
26.7143
25.9524
25.6297
25.659
25.8881
49.9916
49.9898
49.9896
49.9896
49.9896
49.9896
49.9896
49.9896
49.9896
49.9896
49.9916
49.9898
49.9896
49.9896
49.9896
49.9896
49.9896
49.9896
49.9896
49.9896
49.9918
49.9898
49.9896
49.9896
49.9896
49.9896
49.9896
49.9896
49.9896
49.9896
49.992
49.9899
49.9896
49.9896
49.9896
49.9896
49.9896
49.9896
49.9896
49.9896
49.9924
49.9899
49.9896
49.9896
49.9896
49.9896
49.9896
49.9896
49.9896
49.9896
49.9929
49.9899
49.9896
49.9896
49.9896
49.9896
49.9896
49.9896
49.9896
49.9896
49.9935
49.9899
49.9896
49.9896
49.9896
49.9896
49.9896
49.9896
49.9896
49.9896
49.9943
49.99
49.9896
49.9896
49.9896
49.9896
49.9896
49.9896
49.9896
49.9896
49.9953
49.99
49.9896
49.9896
49.9896
49.9896
49.9896
49.9896
49.9896
49.9896
49.9966
49.9901
49.9896
49.9896
49.9896
49.9896
49.9896
49.9896
49.9896
49.9896
129.978
129.974
129.973
129.973
129.973
129.973
129.973
129.973
129.973
129.973
129.978
129.974
129.973
129.973
129.973
129.973
129.973
129.973
129.973
129.973
129.978
129.974
129.973
129.973
129.973
129.973
129.973
129.973
129.973
129.973
129.979
129.974
129.973
129.973
129.973
129.973
129.973
129.973
129.973
129.973
129.979
129.974
129.973
129.973
129.973
129.973
129.973
129.973
129.973
129.973
129.98
129.974
129.973
129.973
129.973
129.973
129.973
129.973
129.973
129.973
129.981
129.974
129.973
129.973
129.973
129.973
129.973
129.973
129.973
129.973
129.982
129.974
129.973
129.973
129.973
129.973
129.973
129.973
129.973
129.973
129.984
129.974
129.973
129.973
129.973
129.973
129.973
129.973
129.973
129.973
129.985
129.974
129.973
129.973
129.973
129.973
129.973
129.973
129.973
129.973
189.966
189.961
189.96
189.96
189.96
189.96
189.96
189.96
189.96
189.96
189.966
189.961
189.96
189.96
189.96
189.96
189.96
189.96
189.96
189.96
189.966
189.961
189.96
189.96
189.96
189.96
189.96
189.96
189.96
189.96
189.967
189.961
189.96
189.96
189.96
189.96
189.96
189.96
189.96
189.96
189.967
189.961
189.96
189.96
189.96
189.96
189.96
189.96
189.96
189.96
189.968
189.961
189.96
189.96
189.96
189.96
189.96
189.96
189.96
189.96
189.969
189.961
189.96
189.96
189.96
189.96
189.96
189.96
189.96
189.96
189.97
189.961
189.96
189.96
189.96
189.96
189.96
189.96
189.96
189.96
189.971
189.962
189.96
189.96
189.96
189.96
189.96
189.96
189.96
189.96
189.972
189.962
189.961
189.96
189.96
189.96
189.96
189.96
189.96
189.96
229.956
229.953
229.952
229.952
229.952
229.952
229.952
229.952
229.952
229.952
229.956
229.953
229.952
229.952
229.952
229.952
229.952
229.952
229.952
229.952
229.957
229.953
229.952
229.952
229.952
229.952
229.952
229.952
229.952
229.952
229.957
229.953
229.952
229.952
229.952
229.952
229.952
229.952
229.952
229.952
229.957
229.953
229.952
229.952
229.952
229.952
229.952
229.952
229.952
229.952
229.958
229.953
229.952
229.952
229.952
229.952
229.952
229.952
229.952
229.952
229.958
229.953
229.952
229.952
229.952
229.952
229.952
229.952
229.952
229.952
229.959
229.953
229.952
229.952
229.952
229.952
229.952
229.952
229.952
229.952
229.959
229.953
229.952
229.952
229.952
229.952
229.952
229.952
229.952
229.952
229.96
229.953
229.952
229.952
229.952
229.952
229.952
229.952
229.952
229.952
249.949
249.948
249.948
249.948
249.948
249.948
249.948
249.948
249.948
249.948
249.949
249.948
249.948
249.948
249.948
249.948
249.948
249.948
249.948
249.948
249.95
249.948
249.948
249.948
249.948
249.948
249.948
249.948
249.948
249.948
249.95
249.948
249.948
249.948
249.948
249.948
249.948
249.948
249.948
249.948
249.95
249.948
249.948
249.948
249.948
249.948
249.948
249.948
249.948
249.948
249.95
249.948
249.948
249.948
249.948
249.948
249.948
249.948
249.948
249.948
249.95
249.948
249.948
249.948
249.948
249.948
249.948
249.948
249.948
249.948
249.95
249.948
249.948
249.948
249.948
249.948
249.948
249.948
249.948
249.948
249.951
249.948
249.948
249.948
249.948
249.948
249.948
249.948
249.948
249.948
249.951
249.948
249.948
249.948
249.948
249.948
249.948
249.948
249.948
249.948
249.946
249.948
249.948
249.948
249.948
249.948
249.948
249.948
249.948
249.948
249.946
249.948
249.948
249.948
249.948
249.948
249.948
249.948
249.948
249.948
249.946
249.948
249.948
249.948
249.948
249.948
249.948
249.948
249.948
249.948
249.946
249.948
249.948
249.948
249.948
249.948
249.948
249.948
249.948
249.948
249.946
249.948
249.948
249.948
249.948
249.948
249.948
249.948
249.948
249.948
249.946
249.948
249.948
249.948
249.948
249.948
249.948
249.948
249.948
249.948
249.946
249.948
249.948
249.948
249.948
249.948
249.948
249.948
249.948
249.948
249.945
249.948
249.948
249.948
249.948
249.948
249.948
249.948
249.948
249.948
249.945
249.948
249.948
249.948
249.948
249.948
249.948
249.948
249.948
249.948
249.945
249.947
249.948
249.948
249.948
249.948
249.948
249.948
249.948
249.948
229.948
229.951
229.952
229.952
229.952
229.952
229.952
229.952
229.952
229.952
229.948
229.951
229.952
229.952
229.952
229.952
229.952
229.952
229.952
229.952
229.947
229.951
229.952
229.952
229.952
229.952
229.952
229.952
229.952
229.952
229.947
229.951
229.952
229.952
229.952
229.952
229.952
229.952
229.952
229.952
229.947
229.951
229.952
229.952
229.952
229.952
229.952
229.952
229.952
229.952
229.946
229.951
229.952
229.952
229.952
229.952
229.952
229.952
229.952
229.952
229.946
229.951
229.952
229.952
229.952
229.952
229.952
229.952
229.952
229.952
229.945
229.951
229.952
229.952
229.952
229.952
229.952
229.952
229.952
229.952
229.945
229.951
229.952
229.952
229.952
229.952
229.952
229.952
229.952
229.952
229.944
229.951
229.952
229.952
229.952
229.952
229.952
229.952
229.952
229.952
189.955
189.96
189.96
189.96
189.96
189.96
189.96
189.96
189.96
189.96
189.955
189.96
189.96
189.96
189.96
189.96
189.96
189.96
189.96
189.96
189.954
189.96
189.96
189.96
189.96
189.96
189.96
189.96
189.96
189.96
189.954
189.96
189.96
189.96
189.96
189.96
189.96
189.96
189.96
189.96
189.953
189.959
189.96
189.96
189.96
189.96
189.96
189.96
189.96
189.96
189.953
189.959
189.96
189.96
189.96
189.96
189.96
189.96
189.96
189.96
189.952
189.959
189.96
189.96
189.96
189.96
189.96
189.96
189.96
189.96
189.951
189.959
189.96
189.96
189.96
189.96
189.96
189.96
189.96
189.96
189.95
189.959
189.96
189.96
189.96
189.96
189.96
189.96
189.96
189.96
189.948
189.959
189.96
189.96
189.96
189.96
189.96
189.96
189.96
189.96
129.968
129.972
129.973
129.973
129.973
129.973
129.973
129.973
129.973
129.973
129.968
129.972
129.973
129.973
129.973
129.973
129.973
129.973
129.973
129.973
129.968
129.972
129.973
129.973
129.973
129.973
129.973
129.973
129.973
129.973
129.967
129.972
129.973
129.973
129.973
129.973
129.973
129.973
129.973
129.973
129.966
129.972
129.973
129.973
129.973
129.973
129.973
129.973
129.973
129.973
129.966
129.972
129.973
129.973
129.973
129.973
129.973
129.973
129.973
129.973
129.965
129.972
129.973
129.973
129.973
129.973
129.973
129.973
129.973
129.973
129.964
129.972
129.973
129.973
129.973
129.973
129.973
129.973
129.973
129.973
129.962
129.972
129.973
129.973
129.973
129.973
129.973
129.973
129.973
129.973
129.96
129.972
129.973
129.973
129.973
129.973
129.973
129.973
129.973
129.973
49.9876
49.9893
49.9895
49.9896
49.9896
49.9896
49.9896
49.9896
49.9896
49.9896
49.9875
49.9893
49.9895
49.9896
49.9896
49.9896
49.9896
49.9896
49.9896
49.9896
49.9873
49.9893
49.9895
49.9896
49.9896
49.9896
49.9896
49.9896
49.9896
49.9896
49.9871
49.9893
49.9895
49.9896
49.9896
49.9896
49.9896
49.9896
49.9896
49.9896
49.9868
49.9893
49.9895
49.9896
49.9896
49.9896
49.9896
49.9896
49.9896
49.9896
49.9863
49.9892
49.9895
49.9896
49.9896
49.9896
49.9896
49.9896
49.9896
49.9896
49.9857
49.9892
49.9895
49.9896
49.9896
49.9896
49.9896
49.9896
49.9896
49.9896
49.9849
49.9892
49.9895
49.9896
49.9896
49.9896
49.9896
49.9896
49.9896
49.9896
49.9838
49.9891
49.9895
49.9896
49.9896
49.9896
49.9896
49.9896
49.9896
49.9896
49.9825
49.9891
49.9895
49.9896
49.9896
49.9896
49.9896
49.9896
49.9896
49.9896
50.0111
49.9905
49.9896
49.9896
49.9896
49.9896
49.9896
49.9896
49.9896
49.9896
50.0129
49.9906
49.9896
49.9896
49.9896
49.9896
49.9896
49.9896
49.9896
49.9896
50.013
49.9906
49.9896
49.9896
49.9896
49.9896
49.9896
49.9896
49.9896
49.9896
50.0127
49.9904
49.9895
49.9895
49.9895
49.9896
49.9896
49.9896
49.9896
49.9896
50.0117
49.9897
49.9891
49.9894
49.9895
49.9895
49.9896
49.9896
49.9896
49.9896
50.0071
49.9868
49.9878
49.9888
49.9893
49.9895
49.9895
49.9896
49.9896
49.9896
49.9877
49.9754
49.9829
49.9871
49.9888
49.9893
49.9895
49.9896
49.9896
49.9896
49.9023
49.9316
49.9666
49.982
49.9873
49.989
49.9894
49.9895
49.9896
49.9896
49.5028
49.7686
49.9175
49.9691
49.9842
49.9882
49.9893
49.9895
49.9896
49.9896
47.2739
49.2031
49.7945
49.9439
49.9792
49.9872
49.989
49.9895
49.9895
49.9896
130.002
129.975
129.973
129.973
129.973
129.973
129.973
129.973
129.973
129.973
130.005
129.975
129.973
129.973
129.973
129.973
129.973
129.973
129.973
129.973
130.005
129.975
129.973
129.973
129.973
129.973
129.973
129.973
129.973
129.973
130.005
129.975
129.973
129.973
129.973
129.973
129.973
129.973
129.973
129.973
130.001
129.973
129.972
129.972
129.973
129.973
129.973
129.973
129.973
129.973
129.989
129.964
129.968
129.971
129.972
129.973
129.973
129.973
129.973
129.973
129.932
129.931
129.953
129.966
129.971
129.972
129.973
129.973
129.973
129.973
129.685
129.804
129.906
129.951
129.966
129.971
129.972
129.973
129.973
129.973
128.538
129.332
129.764
129.914
129.957
129.969
129.972
129.973
129.973
129.973
122.469
127.711
129.408
129.84
129.943
129.966
129.971
129.973
129.973
129.973
189.985
189.963
189.961
189.96
189.96
189.96
189.96
189.96
189.96
189.96
189.988
189.963
189.961
189.96
189.96
189.96
189.96
189.96
189.96
189.96
189.989
189.963
189.96
189.96
189.96
189.96
189.96
189.96
189.96
189.96
189.987
189.962
189.96
189.96
189.96
189.96
189.96
189.96
189.96
189.96
189.983
189.959
189.958
189.959
189.96
189.96
189.96
189.96
189.96
189.96
189.962
189.946
189.952
189.957
189.959
189.96
189.96
189.96
189.96
189.96
189.875
189.894
189.93
189.949
189.957
189.959
189.96
189.96
189.96
189.96
189.49
189.696
189.856
189.926
189.95
189.958
189.96
189.96
189.96
189.96
187.732
188.964
189.635
189.868
189.936
189.954
189.959
189.96
189.96
189.96
178.917
186.482
189.083
189.754
189.913
189.95
189.958
189.96
189.96
189.96
229.968
229.954
229.952
229.952
229.952
229.952
229.952
229.952
229.952
229.952
229.97
229.954
229.952
229.952
229.952
229.952
229.952
229.952
229.952
229.952
229.97
229.954
229.952
229.952
229.952
229.952
229.952
229.952
229.952
229.952
229.969
229.953
229.951
229.952
229.952
229.952
229.952
229.952
229.952
229.952
229.962
229.949
229.949
229.951
229.952
229.952
229.952
229.952
229.952
229.952
229.937
229.932
229.941
229.948
229.95
229.952
229.952
229.952
229.952
229.952
229.826
229.867
229.913
229.938
229.947
229.951
229.952
229.952
229.952
229.952
229.344
229.618
229.821
229.909
229.939
229.949
229.951
229.952
229.952
229.952
227.159
228.699
229.542
229.836
229.922
229.944
229.95
229.952
229.952
229.952
216.692
225.62
228.849
229.692
229.893
229.939
229.949
229.951
229.952
229.952
249.953
249.948
249.948
249.948
249.948
249.948
249.948
249.948
249.948
249.948
249.954
249.948
249.948
249.948
249.948
249.948
249.948
249.948
249.948
249.948
249.954
249.948
249.948
249.948
249.948
249.948
249.948
249.948
249.948
249.948
249.952
249.947
249.947
249.947
249.948
249.948
249.948
249.948
249.948
249.948
249.946
249.943
249.945
249.946
249.947
249.948
249.948
249.948
249.948
249.948
249.916
249.924
249.936
249.943
249.946
249.947
249.948
249.948
249.948
249.948
249.794
249.852
249.905
249.932
249.943
249.946
249.947
249.948
249.948
249.948
249.26
249.576
249.802
249.9
249.934
249.944
249.947
249.948
249.948
249.948
246.859
248.56
249.493
249.819
249.914
249.939
249.946
249.947
249.948
249.948
235.642
245.179
248.727
249.66
249.882
249.933
249.945
249.947
249.948
249.948
249.942
249.947
249.948
249.948
249.948
249.948
249.948
249.948
249.948
249.948
249.942
249.947
249.948
249.948
249.948
249.948
249.948
249.948
249.948
249.948
249.941
249.947
249.948
249.948
249.948
249.948
249.948
249.948
249.948
249.948
249.94
249.946
249.947
249.947
249.948
249.948
249.948
249.948
249.948
249.948
249.932
249.941
249.945
249.946
249.947
249.948
249.948
249.948
249.948
249.948
249.904
249.923
249.936
249.943
249.946
249.947
249.948
249.948
249.948
249.948
249.781
249.851
249.905
249.932
249.943
249.946
249.947
249.948
249.948
249.948
249.247
249.575
249.802
249.9
249.934
249.944
249.947
249.948
249.948
249.948
246.847
248.558
249.493
249.819
249.914
249.939
249.946
249.947
249.948
249.948
235.633
245.178
248.727
249.66
249.882
249.933
249.945
249.947
249.948
249.948
229.936
229.95
229.952
229.952
229.952
229.952
229.952
229.952
229.952
229.952
229.933
229.95
229.952
229.952
229.952
229.952
229.952
229.952
229.952
229.952
229.933
229.95
229.952
229.952
229.952
229.952
229.952
229.952
229.952
229.952
229.931
229.949
229.951
229.952
229.952
229.952
229.952
229.952
229.952
229.952
229.926
229.945
229.949
229.951
229.952
229.952
229.952
229.952
229.952
229.952
229.899
229.928
229.941
229.948
229.95
229.952
229.952
229.952
229.952
229.952
229.789
229.863
229.913
229.938
229.947
229.951
229.952
229.952
229.952
229.952
229.306
229.614
229.82
229.909
229.939
229.949
229.951
229.952
229.952
229.952
227.126
228.695
229.542
229.836
229.922
229.944
229.95
229.952
229.952
229.952
216.664
225.617
228.849
229.692
229.893
229.939
229.949
229.951
229.952
229.952
189.936
189.958
189.96
189.96
189.96
189.96
189.96
189.96
189.96
189.96
189.932
189.958
189.96
189.96
189.96
189.96
189.96
189.96
189.96
189.96
189.931
189.957
189.96
189.96
189.96
189.96
189.96
189.96
189.96
189.96
189.93
189.957
189.96
189.96
189.96
189.96
189.96
189.96
189.96
189.96
189.925
189.953
189.958
189.959
189.96
189.96
189.96
189.96
189.96
189.96
189.905
189.94
189.952
189.957
189.959
189.96
189.96
189.96
189.96
189.96
189.817
189.889
189.929
189.949
189.957
189.959
189.96
189.96
189.96
189.96
189.433
189.691
189.856
189.926
189.95
189.958
189.96
189.96
189.96
189.96
187.68
188.959
189.634
189.868
189.936
189.954
189.959
189.96
189.96
189.96
178.873
186.478
189.083
189.754
189.913
189.95
189.958
189.96
189.96
189.96
129.944
129.971
129.973
129.973
129.973
129.973
129.973
129.973
129.973
129.973
129.94
129.97
129.973
129.973
129.973
129.973
129.973
129.973
129.973
129.973
129.94
129.97
129.973
129.973
129.973
129.973
129.973
129.973
129.973
129.973
129.939
129.97
129.972
129.973
129.973
129.973
129.973
129.973
129.973
129.973
129.936
129.968
129.971
129.972
129.973
129.973
129.973
129.973
129.973
129.973
129.923
129.959
129.967
129.971
129.972
129.973
129.973
129.973
129.973
129.973
129.866
129.926
129.953
129.966
129.971
129.972
129.973
129.973
129.973
129.973
129.619
129.799
129.906
129.951
129.966
129.971
129.972
129.973
129.973
129.973
128.478
129.327
129.763
129.914
129.957
129.969
129.972
129.973
129.973
129.973
122.415
127.707
129.408
129.84
129.943
129.966
129.971
129.973
129.973
129.973
49.9681
49.9886
49.9895
49.9896
49.9896
49.9896
49.9896
49.9896
49.9896
49.9896
49.9662
49.9885
49.9895
49.9896
49.9896
49.9896
49.9896
49.9896
49.9896
49.9896
49.966
49.9884
49.9895
49.9896
49.9896
49.9896
49.9896
49.9896
49.9896
49.9896
49.9658
49.9882
49.9894
49.9895
49.9895
49.9896
49.9896
49.9896
49.9896
49.9896
49.9647
49.9875
49.989
49.9893
49.9895
49.9895
49.9896
49.9896
49.9896
49.9896
49.9601
49.9846
49.9876
49.9888
49.9893
49.9895
49.9895
49.9896
49.9896
49.9896
49.9406
49.9732
49.9827
49.9871
49.9888
49.9893
49.9895
49.9896
49.9896
49.9896
49.8552
49.9293
49.9664
49.982
49.9873
49.989
49.9894
49.9895
49.9896
49.9896
49.4581
49.7665
49.9173
49.9692
49.9842
49.9882
49.9893
49.9895
49.9896
49.9896
47.2329
49.2014
49.7945
49.9439
49.9792
49.9872
49.989
49.9895
49.9895
49.9896
38.4862
48.3564
49.6972
49.9306
49.9772
49.9869
49.989
49.9894
49.9895
49.9896
37.5851
48.2714
49.6873
49.9292
49.9769
49.9869
49.989
49.9894
49.9895
49.9896
36.9552
48.1967
49.6783
49.928
49.9768
49.9868
49.989
49.9894
49.9895
49.9896
36.5205
48.1328
49.6703
49.9269
49.9766
49.9868
49.989
49.9894
49.9895
49.9896
36.2112
48.0796
49.6634
49.9259
49.9764
49.9868
49.989
49.9894
49.9895
49.9896
36.0017
48.0366
49.6576
49.9251
49.9763
49.9868
49.989
49.9894
49.9895
49.9896
35.8954
48.0036
49.653
49.9244
49.9762
49.9867
49.989
49.9894
49.9895
49.9896
35.8873
47.9798
49.6495
49.9239
49.9761
49.9867
49.989
49.9894
49.9895
49.9896
35.9443
47.9647
49.6471
49.9236
49.9761
49.9867
49.989
49.9894
49.9895
49.9896
36.0083
47.9574
49.6459
49.9234
49.9761
49.9867
49.989
49.9894
49.9895
49.9896
101.605
125.384
129.129
129.802
129.937
129.965
129.971
129.973
129.973
129.973
99.6401
125.152
129.101
129.798
129.936
129.965
129.971
129.973
129.973
129.973
98.2517
124.947
129.075
129.794
129.936
129.965
129.971
129.973
129.973
129.973
97.3172
124.773
129.052
129.791
129.935
129.965
129.971
129.973
129.973
129.973
96.6956
124.627
129.033
129.788
129.935
129.965
129.971
129.973
129.973
129.973
96.3337
124.51
129.016
129.786
129.934
129.965
129.971
129.973
129.973
129.973
96.2348
124.421
129.003
129.784
129.934
129.965
129.971
129.973
129.973
129.973
96.3717
124.356
128.993
129.783
129.934
129.965
129.971
129.973
129.973
129.973
96.6413
124.315
128.986
129.782
129.934
129.965
129.971
129.973
129.973
129.973
96.8772
124.296
128.982
129.781
129.934
129.965
129.971
129.973
129.973
129.973
151.963
183.098
188.658
189.694
189.904
189.948
189.958
189.96
189.96
189.96
149.618
182.76
188.614
189.688
189.903
189.948
189.958
189.96
189.96
189.96
147.984
182.465
188.575
189.683
189.902
189.948
189.958
189.96
189.96
189.96
146.95
182.213
188.54
189.678
189.902
189.948
189.958
189.96
189.96
189.96
146.377
182.004
188.51
189.674
189.901
189.948
189.958
189.96
189.96
189.96
146.197
181.837
188.485
189.67
189.9
189.948
189.958
189.96
189.96
189.96
146.379
181.71
188.464
189.667
189.9
189.948
189.958
189.96
189.96
189.96
146.842
181.619
188.449
189.665
189.9
189.948
189.958
189.96
189.96
189.96
147.415
181.562
188.438
189.663
189.899
189.947
189.958
189.96
189.96
189.96
147.851
181.534
188.433
189.662
189.899
189.947
189.958
189.96
189.96
189.96
188.252
221.62
228.324
229.617
229.881
229.937
229.949
229.951
229.952
229.952
185.894
221.222
228.27
229.61
229.88
229.937
229.949
229.951
229.952
229.952
184.276
220.874
228.221
229.603
229.879
229.936
229.949
229.951
229.952
229.952
183.338
220.578
228.178
229.597
229.878
229.936
229.949
229.951
229.952
229.952
182.981
220.334
228.141
229.591
229.877
229.936
229.949
229.951
229.952
229.952
183.127
220.14
228.11
229.587
229.877
229.936
229.949
229.951
229.952
229.952
183.687
219.993
228.084
229.583
229.876
229.936
229.949
229.951
229.952
229.952
184.516
219.889
228.065
229.58
229.876
229.936
229.949
229.951
229.952
229.952
185.384
219.824
228.053
229.578
229.875
229.936
229.949
229.951
229.952
229.952
185.992
219.793
228.046
229.577
229.875
229.936
229.949
229.951
229.952
229.952
207.488
240.913
248.152
249.577
249.87
249.931
249.944
249.947
249.948
249.948
205.198
240.489
248.093
249.569
249.868
249.931
249.944
249.947
249.948
249.948
203.641
240.118
248.039
249.561
249.867
249.931
249.944
249.947
249.948
249.948
202.801
239.804
247.992
249.554
249.866
249.93
249.944
249.947
249.948
249.948
202.615
239.545
247.951
249.548
249.865
249.93
249.944
249.947
249.948
249.948
202.996
239.341
247.917
249.543
249.864
249.93
249.944
249.947
249.948
249.948
203.815
239.186
247.889
249.539
249.864
249.93
249.944
249.947
249.948
249.948
204.881
239.078
247.868
249.536
249.863
249.93
249.944
249.947
249.948
249.948
205.928
239.009
247.854
249.534
249.863
249.93
249.944
249.947
249.948
249.948
206.638
238.977
247.847
249.533
249.863
249.93
249.944
249.947
249.948
249.948
207.485
240.914
248.152
249.577
249.87
249.931
249.944
249.947
249.948
249.948
205.194
240.49
248.093
249.569
249.868
249.931
249.944
249.947
249.948
249.948
203.638
240.119
248.039
249.561
249.867
249.931
249.944
249.947
249.948
249.948
202.799
239.805
247.992
249.554
249.866
249.93
249.944
249.947
249.948
249.948
202.614
239.546
247.951
249.548
249.865
249.93
249.944
249.947
249.948
249.948
202.996
239.342
247.917
249.543
249.864
249.93
249.944
249.947
249.948
249.948
203.818
239.187
247.889
249.539
249.864
249.93
249.944
249.947
249.948
249.948
204.887
239.078
247.868
249.536
249.863
249.93
249.944
249.947
249.948
249.948
205.938
239.01
247.854
249.534
249.863
249.93
249.944
249.947
249.948
249.948
206.651
238.978
247.847
249.533
249.863
249.93
249.944
249.947
249.948
249.948
188.243
221.623
228.324
229.618
229.881
229.937
229.949
229.951
229.952
229.952
185.885
221.225
228.27
229.61
229.88
229.937
229.949
229.951
229.952
229.952
184.268
220.877
228.222
229.603
229.879
229.936
229.949
229.951
229.952
229.952
183.332
220.581
228.178
229.597
229.878
229.936
229.949
229.951
229.952
229.952
182.978
220.337
228.141
229.591
229.877
229.936
229.949
229.951
229.952
229.952
183.128
220.143
228.109
229.587
229.877
229.936
229.949
229.951
229.952
229.952
183.694
219.996
228.084
229.583
229.876
229.936
229.949
229.951
229.952
229.952
184.531
219.892
228.065
229.58
229.876
229.936
229.949
229.951
229.952
229.952
185.408
219.826
228.052
229.578
229.875
229.936
229.949
229.951
229.952
229.952
186.025
219.795
228.046
229.577
229.875
229.936
229.949
229.951
229.952
229.952
151.952
183.102
188.658
189.694
189.904
189.948
189.958
189.96
189.96
189.96
149.607
182.764
188.615
189.688
189.903
189.948
189.958
189.96
189.96
189.96
147.973
182.469
188.575
189.683
189.902
189.948
189.958
189.96
189.96
189.96
146.941
182.217
188.54
189.678
189.902
189.948
189.958
189.96
189.96
189.96
146.373
182.008
188.51
189.673
189.901
189.948
189.958
189.96
189.96
189.96
146.198
181.841
188.484
189.67
189.9
189.948
189.958
189.96
189.96
189.96
146.386
181.713
188.464
189.667
189.9
189.948
189.958
189.96
189.96
189.96
146.859
181.622
188.448
189.665
189.9
189.948
189.958
189.96
189.96
189.96
147.443
181.565
188.438
189.663
189.899
189.947
189.958
189.96
189.96
189.96
147.889
181.537
188.433
189.662
189.899
189.947
189.958
189.96
189.96
189.96
101.598
125.388
129.13
129.802
129.937
129.965
129.971
129.973
129.973
129.973
99.6312
125.155
129.101
129.798
129.936
129.965
129.971
129.973
129.973
129.973
98.2421
124.951
129.075
129.794
129.936
129.965
129.971
129.973
129.973
129.973
97.3086
124.776
129.053
129.791
129.935
129.965
129.971
129.973
129.973
129.973
96.6893
124.631
129.033
129.788
129.935
129.965
129.971
129.973
129.973
129.973
96.331
124.513
129.016
129.786
129.934
129.965
129.971
129.973
129.973
129.973
96.2373
124.423
129.002
129.784
129.934
129.965
129.971
129.973
129.973
129.973
96.3821
124.359
128.992
129.783
129.934
129.965
129.971
129.973
129.973
129.973
96.662
124.318
128.985
129.782
129.934
129.965
129.971
129.973
129.973
129.973
96.9075
124.298
128.982
129.781
129.934
129.965
129.971
129.973
129.973
129.973
38.4851
48.3582
49.6974
49.9306
49.9772
49.9869
49.989
49.9894
49.9895
49.9896
37.5816
48.2733
49.6875
49.9292
49.9769
49.9869
49.989
49.9894
49.9895
49.9896
36.9496
48.1986
49.6784
49.928
49.9768
49.9868
49.989
49.9894
49.9895
49.9896
36.5138
48.1347
49.6704
49.9269
49.9766
49.9868
49.989
49.9894
49.9895
49.9896
36.2045
48.0813
49.6635
49.9259
49.9764
49.9868
49.989
49.9894
49.9895
49.9896
35.9962
48.0382
49.6576
49.9251
49.9763
49.9868
49.989
49.9894
49.9895
49.9896
35.8923
48.0049
49.6529
49.9244
49.9762
49.9867
49.989
49.9894
49.9895
49.9896
35.8883
47.9809
49.6494
49.9239
49.9761
49.9867
49.989
49.9894
49.9895
49.9896
35.9512
47.9655
49.647
49.9236
49.9761
49.9867
49.989
49.9894
49.9895
49.9896
36.0211
47.958
49.6458
49.9234
49.9761
49.9867
49.989
49.9894
49.9895
49.9896
)
;

boundaryField
{
    strip0
    {
        type            fixedValue;
        value           uniform 1;
    }
    strip1
    {
        type            fixedValue;
        value           uniform -1;
    }
    back1
    {
        type            fixedValue;
        value           uniform 0;
    }
    back2
    {
        type            fixedValue;
        value           uniform 0;
    }
    back3
    {
        type            fixedValue;
        value           uniform 0;
    }
    back4
    {
        type            fixedValue;
        value           uniform 0;
    }
    back6
    {
        type            fixedValue;
        value           uniform 0;
    }
    back7
    {
        type            fixedValue;
        value           uniform 0;
    }
    back8
    {
        type            fixedValue;
        value           uniform 0;
    }
    back9
    {
        type            fixedValue;
        value           uniform 0;
    }
    front1
    {
        type            fixedValue;
        value           uniform 0;
    }
    front2
    {
        type            fixedValue;
        value           uniform 0;
    }
    front3
    {
        type            fixedValue;
        value           uniform 0;
    }
    front4
    {
        type            fixedValue;
        value           uniform 0;
    }
    front6
    {
        type            fixedValue;
        value           uniform 0;
    }
    front7
    {
        type            fixedValue;
        value           uniform 0;
    }
    front8
    {
        type            fixedValue;
        value           uniform 0;
    }
    front9
    {
        type            fixedValue;
        value           uniform 0;
    }
    defaultFaces
    {
        type            empty;
    }
}


// ************************************************************************* //
