/*--------------------------------*- C++ -*----------------------------------*\
  =========                 |
  \\      /  F ield         | OpenFOAM: The Open Source CFD Toolbox
   \\    /   O peration     | Website:  https://openfoam.org
    \\  /    A nd           | Version:  dev
     \\/     M anipulation  |
\*---------------------------------------------------------------------------*/
FoamFile
{
    version     2.0;
    format      ascii;
    class       volScalarField;
    location    "0.02";
    object      phi;
}
// * * * * * * * * * * * * * * * * * * * * * * * * * * * * * * * * * * * * * //

dimensions      [1 2 -3 0 0 -1 0];

internalField   nonuniform List<scalar> 
9000
(
49.9949
49.9949
49.9949
49.995
49.9951
49.9952
49.9953
49.9954
49.9954
49.9955
49.9951
49.9951
49.9951
49.9952
49.9954
49.9955
49.9956
49.9957
49.9958
49.9959
49.9955
49.9955
49.9956
49.9957
49.9959
49.9961
49.9963
49.9965
49.9966
49.9968
49.9961
49.9961
49.9963
49.9965
49.9967
49.997
49.9974
49.9977
49.998
49.9982
49.9969
49.997
49.9972
49.9976
49.9979
49.9984
49.999
49.9995
50.0001
50.0005
49.9981
49.9982
49.9985
49.999
49.9996
50.0003
50.0012
50.0022
50.0031
50.004
49.9994
49.9997
50.0001
50.0008
50.0018
50.0029
50.0043
50.0059
50.0076
50.0092
50.0011
50.0014
50.0021
50.0031
50.0045
50.0063
50.0086
50.0112
50.0141
50.0171
50.0031
50.0036
50.0045
50.006
50.008
50.0108
50.0143
50.0186
50.0236
50.029
50.0054
50.006
50.0073
50.0093
50.0123
50.0163
50.0217
50.0285
50.0371
50.0471
129.986
129.986
129.986
129.986
129.986
129.986
129.986
129.986
129.986
129.986
129.986
129.986
129.986
129.986
129.987
129.987
129.987
129.987
129.987
129.987
129.987
129.987
129.987
129.987
129.988
129.988
129.988
129.988
129.988
129.988
129.988
129.988
129.988
129.989
129.989
129.989
129.99
129.99
129.99
129.99
129.99
129.99
129.99
129.991
129.991
129.992
129.992
129.993
129.993
129.994
129.992
129.992
129.993
129.993
129.994
129.995
129.996
129.996
129.997
129.998
129.995
129.995
129.996
129.996
129.997
129.998
130
130.001
130.002
130.003
129.998
129.998
129.999
130
130.001
130.003
130.005
130.007
130.009
130.011
130.001
130.002
130.003
130.004
130.006
130.009
130.011
130.014
130.017
130.02
130.005
130.006
130.007
130.009
130.012
130.015
130.019
130.023
130.027
130.031
189.975
189.975
189.975
189.975
189.975
189.975
189.975
189.975
189.975
189.975
189.975
189.975
189.975
189.975
189.976
189.976
189.976
189.976
189.976
189.975
189.976
189.976
189.976
189.976
189.976
189.977
189.977
189.977
189.977
189.977
189.977
189.977
189.977
189.978
189.978
189.978
189.978
189.978
189.978
189.978
189.979
189.979
189.979
189.979
189.98
189.98
189.98
189.98
189.98
189.98
189.981
189.981
189.981
189.982
189.982
189.982
189.983
189.983
189.983
189.983
189.983
189.983
189.984
189.984
189.985
189.985
189.986
189.986
189.987
189.987
189.986
189.986
189.987
189.987
189.988
189.989
189.99
189.99
189.991
189.991
189.989
189.99
189.99
189.991
189.992
189.993
189.994
189.995
189.996
189.997
189.993
189.993
189.994
189.995
189.996
189.997
189.999
190
190.002
190.003
229.963
229.963
229.963
229.963
229.963
229.963
229.963
229.963
229.963
229.963
229.963
229.963
229.963
229.963
229.963
229.963
229.963
229.963
229.963
229.963
229.964
229.964
229.964
229.964
229.964
229.964
229.964
229.964
229.964
229.964
229.965
229.965
229.965
229.965
229.965
229.965
229.965
229.965
229.965
229.965
229.966
229.966
229.966
229.966
229.966
229.966
229.966
229.966
229.966
229.966
229.967
229.967
229.967
229.967
229.967
229.967
229.967
229.968
229.968
229.967
229.968
229.968
229.969
229.969
229.969
229.969
229.969
229.969
229.969
229.969
229.97
229.97
229.97
229.971
229.971
229.971
229.971
229.972
229.972
229.972
229.972
229.972
229.973
229.973
229.973
229.973
229.974
229.974
229.974
229.974
229.975
229.975
229.975
229.975
229.976
229.976
229.976
229.977
229.977
229.977
249.952
249.952
249.952
249.952
249.952
249.952
249.952
249.952
249.952
249.952
249.952
249.952
249.952
249.952
249.952
249.952
249.952
249.952
249.952
249.952
249.952
249.952
249.952
249.952
249.952
249.952
249.952
249.952
249.952
249.952
249.952
249.952
249.952
249.952
249.952
249.952
249.952
249.952
249.952
249.952
249.953
249.953
249.953
249.953
249.953
249.953
249.953
249.953
249.953
249.953
249.953
249.953
249.953
249.953
249.953
249.953
249.953
249.953
249.953
249.953
249.954
249.954
249.954
249.954
249.954
249.954
249.954
249.954
249.954
249.954
249.954
249.954
249.954
249.954
249.954
249.955
249.955
249.955
249.955
249.955
249.955
249.955
249.955
249.955
249.955
249.955
249.955
249.955
249.955
249.955
249.956
249.956
249.956
249.956
249.956
249.956
249.956
249.956
249.956
249.956
249.944
249.944
249.944
249.944
249.944
249.944
249.944
249.944
249.944
249.944
249.944
249.944
249.944
249.944
249.944
249.944
249.944
249.944
249.944
249.944
249.944
249.944
249.944
249.944
249.944
249.944
249.944
249.944
249.944
249.944
249.943
249.943
249.943
249.943
249.943
249.943
249.943
249.943
249.943
249.943
249.943
249.943
249.943
249.943
249.943
249.943
249.943
249.943
249.943
249.943
249.942
249.942
249.942
249.942
249.942
249.942
249.942
249.942
249.942
249.942
249.942
249.942
249.942
249.942
249.942
249.942
249.942
249.942
249.942
249.942
249.941
249.941
249.941
249.941
249.941
249.941
249.941
249.941
249.941
249.941
249.941
249.941
249.941
249.941
249.941
249.94
249.94
249.94
249.94
249.94
249.94
249.94
249.94
249.94
249.94
249.94
249.939
249.939
249.939
249.939
229.941
229.941
229.941
229.941
229.941
229.941
229.941
229.941
229.941
229.941
229.941
229.941
229.941
229.941
229.941
229.941
229.941
229.941
229.941
229.941
229.94
229.94
229.94
229.94
229.94
229.94
229.94
229.94
229.94
229.94
229.939
229.939
229.939
229.939
229.939
229.939
229.939
229.939
229.939
229.94
229.938
229.938
229.938
229.938
229.938
229.938
229.938
229.938
229.938
229.938
229.937
229.937
229.937
229.937
229.937
229.937
229.937
229.937
229.937
229.937
229.936
229.936
229.935
229.935
229.935
229.935
229.935
229.935
229.935
229.935
229.934
229.934
229.934
229.933
229.933
229.933
229.933
229.932
229.932
229.932
229.932
229.932
229.932
229.931
229.931
229.931
229.93
229.93
229.93
229.93
229.929
229.929
229.929
229.929
229.928
229.928
229.928
229.927
229.927
229.927
189.946
189.946
189.946
189.946
189.946
189.946
189.946
189.946
189.946
189.946
189.945
189.945
189.945
189.945
189.945
189.945
189.945
189.945
189.945
189.945
189.945
189.945
189.945
189.944
189.944
189.944
189.944
189.944
189.944
189.944
189.943
189.943
189.943
189.943
189.943
189.943
189.943
189.943
189.943
189.943
189.942
189.942
189.942
189.941
189.941
189.941
189.941
189.94
189.94
189.94
189.94
189.94
189.94
189.939
189.939
189.938
189.938
189.938
189.937
189.937
189.937
189.937
189.937
189.937
189.936
189.936
189.935
189.934
189.934
189.934
189.935
189.934
189.934
189.933
189.933
189.932
189.931
189.93
189.93
189.929
189.931
189.931
189.931
189.93
189.929
189.928
189.927
189.926
189.925
189.924
189.928
189.928
189.927
189.926
189.925
189.923
189.922
189.92
189.919
189.918
129.96
129.96
129.96
129.96
129.96
129.96
129.959
129.959
129.959
129.959
129.96
129.96
129.959
129.959
129.959
129.959
129.959
129.959
129.959
129.959
129.959
129.959
129.959
129.958
129.958
129.958
129.958
129.958
129.957
129.957
129.958
129.957
129.957
129.957
129.957
129.956
129.956
129.956
129.955
129.955
129.956
129.956
129.955
129.955
129.955
129.954
129.954
129.953
129.953
129.952
129.954
129.953
129.953
129.953
129.952
129.951
129.95
129.949
129.949
129.948
129.951
129.951
129.95
129.949
129.949
129.947
129.946
129.945
129.944
129.942
129.948
129.948
129.947
129.946
129.944
129.943
129.941
129.939
129.937
129.935
129.944
129.944
129.943
129.941
129.94
129.937
129.935
129.932
129.929
129.926
129.94
129.94
129.938
129.936
129.934
129.931
129.927
129.923
129.919
129.915
49.9843
49.9843
49.9842
49.9841
49.984
49.9839
49.9838
49.9838
49.9837
49.9837
49.9841
49.9841
49.984
49.9839
49.9838
49.9837
49.9835
49.9834
49.9833
49.9833
49.9837
49.9836
49.9835
49.9834
49.9833
49.9831
49.9829
49.9827
49.9825
49.9824
49.9831
49.983
49.9829
49.9827
49.9824
49.9821
49.9818
49.9815
49.9811
49.9809
49.9822
49.9821
49.9819
49.9816
49.9812
49.9807
49.9802
49.9796
49.9791
49.9786
49.9811
49.9809
49.9806
49.9802
49.9796
49.9788
49.9779
49.977
49.976
49.9751
49.9797
49.9795
49.979
49.9783
49.9774
49.9762
49.9748
49.9732
49.9716
49.9699
49.978
49.9777
49.977
49.976
49.9746
49.9728
49.9706
49.9679
49.965
49.9621
49.9761
49.9756
49.9746
49.9732
49.9711
49.9684
49.9649
49.9606
49.9556
49.9501
49.9738
49.9732
49.9718
49.9698
49.9668
49.9628
49.9575
49.9506
49.9421
49.932
50.028
50.0304
50.0356
50.0441
50.057
50.076
50.1035
50.1433
50.2011
50.2854
50.0328
50.0354
50.0409
50.0499
50.0635
50.0832
50.1117
50.1527
50.2119
50.2977
50.0328
50.0353
50.0407
50.0496
50.0631
50.0827
50.1111
50.1519
50.2109
50.2965
50.0328
50.0355
50.041
50.05
50.0635
50.0833
50.1118
50.1528
50.212
50.2978
50.0311
50.0335
50.0388
50.0477
50.061
50.0806
50.1089
50.1496
50.2084
50.2938
50.0271
50.0298
50.0354
50.0444
50.058
50.0778
50.1064
50.1474
50.2067
50.2927
50.0077
50.0102
50.0156
50.0245
50.038
50.0576
50.086
50.1268
50.1857
50.2713
49.9344
49.9369
49.9422
49.9509
49.9641
49.9834
50.0114
50.0518
50.1103
50.1955
49.67
49.6715
49.6751
49.6813
49.6912
49.7064
49.7296
49.7644
49.8167
49.8949
48.8559
48.8493
48.8365
48.8176
48.7935
48.7654
48.7351
48.7057
48.6819
48.6706
130.046
130.048
130.053
130.06
130.07
130.082
130.098
130.116
130.136
130.157
130.054
130.056
130.06
130.068
130.078
130.09
130.106
130.125
130.145
130.167
130.056
130.059
130.064
130.071
130.081
130.094
130.11
130.129
130.15
130.172
130.054
130.056
130.06
130.068
130.078
130.091
130.106
130.125
130.145
130.167
130.053
130.056
130.062
130.069
130.08
130.093
130.109
130.129
130.15
130.173
130.036
130.038
130.042
130.049
130.059
130.072
130.088
130.106
130.126
130.148
129.983
129.986
129.991
129.998
130.008
130.021
130.037
130.056
130.077
130.099
129.769
129.771
129.776
129.782
129.791
129.803
129.818
129.835
129.854
129.874
129.01
129.01
129.01
129.01
129.011
129.012
129.014
129.017
129.02
129.022
126.744
126.724
126.687
126.63
126.555
126.461
126.349
126.216
126.061
125.879
190.026
190.027
190.029
190.032
190.036
190.041
190.046
190.051
190.057
190.062
190.04
190.041
190.044
190.047
190.052
190.057
190.063
190.07
190.076
190.082
190.037
190.038
190.04
190.043
190.047
190.052
190.058
190.064
190.07
190.075
190.039
190.041
190.043
190.047
190.051
190.057
190.063
190.069
190.076
190.081
190.027
190.028
190.029
190.032
190.036
190.041
190.046
190.052
190.057
190.061
190.014
190.016
190.019
190.023
190.027
190.033
190.039
190.046
190.052
190.058
189.923
189.924
189.927
189.93
189.934
189.939
189.945
189.95
189.956
189.961
189.594
189.595
189.597
189.599
189.602
189.606
189.61
189.614
189.617
189.62
188.415
188.412
188.407
188.399
188.389
188.376
188.36
188.342
188.32
188.295
185.074
185.048
184.994
184.914
184.807
184.672
184.51
184.319
184.096
183.836
229.998
229.999
230
230.001
230.002
230.004
230.006
230.008
230.009
230.011
230
230
230
230.001
230.002
230.004
230.005
230.006
230.007
230.008
230.005
230.006
230.007
230.008
230.01
230.012
230.014
230.015
230.017
230.018
229.999
229.999
229.999
230
230.001
230.003
230.004
230.005
230.006
230.007
230.002
230.003
230.005
230.006
230.008
230.01
230.013
230.015
230.017
230.019
229.963
229.962
229.963
229.963
229.965
229.966
229.967
229.968
229.969
229.969
229.862
229.863
229.864
229.865
229.866
229.868
229.87
229.871
229.873
229.874
229.443
229.442
229.442
229.442
229.441
229.441
229.44
229.438
229.436
229.434
227.979
227.975
227.968
227.956
227.94
227.92
227.896
227.868
227.837
227.802
223.932
223.9
223.835
223.739
223.609
223.446
223.249
223.017
222.747
222.437
249.96
249.96
249.96
249.96
249.96
249.96
249.961
249.961
249.961
249.96
249.97
249.97
249.971
249.971
249.972
249.972
249.973
249.973
249.974
249.975
249.963
249.963
249.963
249.963
249.963
249.963
249.963
249.963
249.963
249.963
249.968
249.968
249.969
249.969
249.97
249.97
249.971
249.972
249.972
249.973
249.948
249.947
249.947
249.947
249.947
249.946
249.946
249.946
249.945
249.944
249.934
249.934
249.935
249.936
249.936
249.937
249.938
249.939
249.94
249.941
249.805
249.804
249.804
249.805
249.805
249.805
249.805
249.805
249.805
249.804
249.347
249.347
249.346
249.345
249.343
249.341
249.339
249.336
249.333
249.33
247.719
247.714
247.704
247.689
247.67
247.646
247.618
247.585
247.548
247.508
243.355
243.32
243.25
243.144
243.002
242.823
242.606
242.349
242.053
241.715
249.936
249.936
249.936
249.936
249.935
249.935
249.935
249.935
249.935
249.935
249.926
249.925
249.925
249.924
249.924
249.923
249.923
249.922
249.921
249.921
249.932
249.932
249.932
249.932
249.932
249.932
249.931
249.931
249.931
249.931
249.923
249.923
249.922
249.922
249.921
249.921
249.92
249.92
249.919
249.918
249.929
249.93
249.93
249.93
249.93
249.93
249.931
249.931
249.931
249.932
249.883
249.882
249.881
249.881
249.88
249.88
249.879
249.878
249.877
249.877
249.773
249.773
249.773
249.773
249.772
249.772
249.772
249.771
249.771
249.771
249.308
249.307
249.306
249.304
249.302
249.299
249.295
249.292
249.288
249.284
247.695
247.69
247.681
247.666
247.647
247.623
247.594
247.562
247.526
247.486
243.317
243.282
243.211
243.104
242.961
242.781
242.563
242.305
242.008
241.669
229.905
229.905
229.904
229.903
229.901
229.9
229.898
229.896
229.895
229.893
229.905
229.905
229.905
229.904
229.902
229.901
229.899
229.898
229.896
229.896
229.897
229.896
229.896
229.894
229.893
229.891
229.889
229.887
229.886
229.885
229.902
229.902
229.902
229.901
229.899
229.898
229.896
229.895
229.894
229.893
229.883
229.882
229.88
229.879
229.877
229.875
229.873
229.871
229.869
229.868
229.872
229.872
229.872
229.871
229.87
229.868
229.867
229.865
229.864
229.864
229.754
229.754
229.753
229.752
229.75
229.748
229.746
229.744
229.743
229.741
229.342
229.341
229.339
229.337
229.334
229.33
229.326
229.321
229.317
229.313
227.867
227.861
227.851
227.837
227.817
227.794
227.766
227.734
227.699
227.662
223.852
223.819
223.754
223.655
223.523
223.357
223.157
222.922
222.65
222.338
189.896
189.895
189.893
189.89
189.886
189.881
189.875
189.869
189.864
189.859
189.879
189.878
189.876
189.872
189.868
189.862
189.857
189.85
189.844
189.839
189.884
189.883
189.881
189.878
189.873
189.868
189.862
189.856
189.85
189.845
189.877
189.875
189.873
189.869
189.865
189.86
189.854
189.848
189.842
189.836
189.883
189.882
189.88
189.877
189.873
189.867
189.862
189.856
189.85
189.845
189.847
189.846
189.843
189.84
189.836
189.83
189.824
189.818
189.812
189.806
189.77
189.769
189.767
189.763
189.759
189.754
189.748
189.742
189.736
189.73
189.436
189.434
189.431
189.427
189.421
189.414
189.406
189.397
189.389
189.381
188.269
188.264
188.255
188.241
188.222
188.199
188.172
188.142
188.109
188.074
184.935
184.906
184.848
184.762
184.646
184.502
184.328
184.124
183.889
183.618
129.899
129.897
129.892
129.885
129.875
129.863
129.848
129.83
129.81
129.788
129.894
129.891
129.887
129.879
129.869
129.856
129.84
129.822
129.801
129.779
129.888
129.886
129.881
129.874
129.863
129.85
129.834
129.816
129.795
129.773
129.892
129.889
129.885
129.877
129.867
129.854
129.838
129.82
129.799
129.777
129.88
129.878
129.873
129.865
129.855
129.842
129.826
129.808
129.787
129.765
129.877
129.874
129.87
129.862
129.852
129.839
129.823
129.804
129.784
129.762
129.815
129.813
129.808
129.801
129.791
129.777
129.762
129.743
129.722
129.7
129.605
129.602
129.597
129.589
129.578
129.564
129.547
129.526
129.504
129.48
128.841
128.836
128.826
128.811
128.791
128.767
128.737
128.702
128.662
128.62
126.603
126.58
126.533
126.463
126.368
126.25
126.107
125.939
125.744
125.518
49.9517
49.9493
49.944
49.9354
49.9225
49.9034
49.8759
49.836
49.7782
49.6937
49.9454
49.9428
49.9374
49.9285
49.9151
49.8954
49.867
49.8261
49.7671
49.6813
49.9468
49.9442
49.9387
49.9297
49.9162
49.8965
49.8681
49.8272
49.7681
49.6824
49.9447
49.9421
49.9367
49.9278
49.9143
49.8947
49.8662
49.8253
49.7663
49.6805
49.9469
49.9442
49.9387
49.9297
49.9161
49.8964
49.868
49.8271
49.7681
49.6824
49.9379
49.9354
49.9301
49.9212
49.9078
49.8881
49.8597
49.8188
49.7597
49.674
49.9215
49.9189
49.9134
49.9044
49.8909
49.8712
49.8427
49.8018
49.7427
49.657
49.8471
49.8444
49.8388
49.8296
49.8158
49.7957
49.7669
49.7254
49.6658
49.5794
49.5855
49.582
49.5747
49.5631
49.5461
49.5221
49.4885
49.4418
49.3762
49.2832
48.7778
48.7664
48.7432
48.7073
48.6573
48.5912
48.5057
48.3965
48.2567
48.0762
47.7886
47.7266
47.5995
47.4005
47.1196
46.7456
46.2696
45.6969
45.0763
44.5771
47.6718
47.6014
47.456
47.2253
46.8929
46.4346
45.8162
44.9884
43.8756
42.3421
47.5617
47.4817
47.3153
47.0477
46.6541
46.0952
45.3088
44.1939
42.579
40.1546
47.4643
47.3756
47.1899
46.8891
46.4421
45.7991
44.8819
43.5675
41.6603
38.8498
47.3849
47.2899
47.0905
46.7667
46.2848
45.5911
44.6039
43.1991
41.1915
38.3097
47.3265
47.2281
47.0218
46.6875
46.1914
45.4813
44.4789
43.0689
41.0845
38.2894
47.2883
47.1895
46.9824
46.6482
46.1553
45.4554
44.4773
43.1173
41.226
38.591
47.2668
47.1693
46.9655
46.6383
46.1593
45.4853
44.5536
43.273
41.5111
39.0736
47.2567
47.1611
46.9618
46.6434
46.1807
45.5357
44.6541
43.4585
41.837
39.6221
47.253
47.1585
46.9622
46.6498
46.1978
45.5719
44.7243
43.5894
42.0802
40.0862
124.485
124.391
124.204
123.93
123.579
123.182
122.807
122.61
122.932
124.542
124.238
124.13
123.912
123.583
123.142
122.592
121.951
121.25
120.544
119.857
124.008
123.882
123.625
123.226
122.666
121.917
120.934
119.636
117.862
115.253
123.808
123.666
123.372
122.909
122.243
121.326
120.077
118.367
115.987
112.59
123.651
123.497
123.178
122.673
121.943
120.932
119.55
117.67
115.105
111.597
123.541
123.383
123.055
122.535
121.788
120.76
119.371
117.513
115.039
111.764
123.477
123.321
122.997
122.488
121.763
120.779
119.476
117.772
115.56
112.703
123.449
123.298
122.988
122.504
121.826
120.924
119.761
118.287
116.442
114.134
123.441
123.297
123.001
122.546
121.918
121.104
120.088
118.863
117.428
115.775
123.441
123.3
123.015
122.578
121.982
121.225
120.309
119.264
118.164
117.183
182.846
182.774
182.635
182.436
182.197
181.955
181.789
181.854
182.472
184.331
182.618
182.536
182.374
182.135
181.828
181.468
181.088
180.743
180.516
180.481
182.418
182.324
182.132
181.84
181.439
180.917
180.254
179.406
178.274
176.605
182.261
182.155
181.939
181.599
181.119
180.464
179.582
178.387
176.728
174.355
182.156
182.045
181.815
181.452
180.933
180.219
179.248
177.93
176.125
173.643
182.106
181.996
181.769
181.412
180.903
180.208
179.276
178.031
176.363
174.126
182.101
182
181.79
181.464
181.008
180.401
179.611
178.59
177.267
175.532
182.127
182.037
181.853
181.574
181.197
180.719
180.137
179.445
178.627
177.627
182.16
182.082
181.924
181.691
181.393
181.046
180.682
180.35
180.121
180.067
182.182
182.11
181.967
181.764
181.515
181.255
181.039
180.971
181.237
182.184
222.305
222.254
222.155
222.009
221.823
221.61
221.398
221.244
221.263
221.684
222.164
222.111
222.005
221.846
221.636
221.378
221.083
220.774
220.489
220.282
222.072
222.016
221.903
221.729
221.489
221.173
220.77
220.265
219.623
218.771
222.033
221.978
221.863
221.683
221.426
221.073
220.597
219.957
219.089
217.899
222.049
221.998
221.893
221.726
221.483
221.144
220.675
220.025
219.121
217.86
222.112
222.073
221.989
221.856
221.664
221.396
221.024
220.501
219.755
218.673
222.209
222.186
222.134
222.055
221.947
221.803
221.613
221.35
220.961
220.338
222.317
222.311
222.297
222.283
222.278
222.295
222.35
222.459
222.619
222.77
222.408
222.418
222.438
222.483
222.576
222.75
223.06
223.581
224.412
225.641
222.46
222.477
222.517
222.598
222.752
223.028
223.511
224.34
225.749
228.157
242.201
242.157
242.07
241.935
241.745
241.488
241.148
240.696
240.074
239.151
242.131
242.09
242.008
241.878
241.695
241.446
241.12
240.705
240.193
239.605
242.123
242.088
242.015
241.899
241.733
241.506
241.209
240.836
240.399
239.944
242.176
242.149
242.093
242.002
241.868
241.679
241.423
241.086
240.666
240.181
242.284
242.27
242.24
242.188
242.108
241.988
241.812
241.557
241.191
240.679
242.434
242.437
242.441
242.445
242.444
242.431
242.391
242.298
242.101
241.714
242.605
242.629
242.675
242.747
242.849
242.982
243.146
243.325
243.475
243.488
242.771
242.817
242.908
243.055
243.272
243.581
244.005
244.567
245.268
246.041
242.903
242.966
243.096
243.309
243.633
244.11
244.802
245.793
247.188
249.074
242.975
243.047
243.198
243.451
243.841
244.426
245.301
246.615
248.617
251.748
242.185
242.141
242.054
241.919
241.729
241.473
241.133
240.683
240.065
239.148
242.115
242.074
241.992
241.863
241.679
241.431
241.105
240.69
240.18
239.594
242.109
242.073
242
241.885
241.718
241.491
241.194
240.821
240.382
239.926
242.163
242.136
242.08
241.988
241.854
241.665
241.407
241.069
240.647
240.159
242.272
242.258
242.227
242.175
242.095
241.974
241.797
241.54
241.172
240.657
242.422
242.425
242.429
242.432
242.431
242.417
242.376
242.281
242.083
241.692
242.594
242.618
242.664
242.735
242.836
242.969
243.132
243.31
243.458
243.469
242.761
242.806
242.897
243.043
243.26
243.568
243.992
244.553
245.253
246.023
242.893
242.956
243.085
243.298
243.622
244.098
244.789
245.78
247.174
249.059
242.965
243.036
243.188
243.44
243.829
244.415
245.289
246.602
248.604
251.735
222.257
222.205
222.106
221.96
221.775
221.562
221.352
221.201
221.228
221.668
222.121
222.067
221.961
221.802
221.592
221.334
221.04
220.732
220.45
220.247
222.032
221.976
221.863
221.689
221.448
221.131
220.727
220.22
219.576
218.719
221.996
221.94
221.826
221.645
221.387
221.033
220.555
219.911
219.038
217.84
222.014
221.964
221.858
221.69
221.446
221.104
220.632
219.979
219.07
217.8
222.08
222.041
221.957
221.823
221.629
221.359
220.983
220.456
219.705
218.617
222.18
222.155
222.103
222.024
221.913
221.768
221.575
221.309
220.915
220.287
222.289
222.282
222.268
222.253
222.246
222.261
222.314
222.421
222.577
222.725
222.381
222.39
222.409
222.454
222.545
222.718
223.026
223.546
224.375
225.602
222.433
222.449
222.489
222.569
222.722
222.997
223.478
224.306
225.715
228.124
182.779
182.706
182.566
182.367
182.127
181.884
181.717
181.784
182.411
184.288
182.556
182.474
182.312
182.072
181.764
181.403
181.022
180.677
180.452
180.42
182.363
182.268
182.076
181.783
181.381
180.857
180.192
179.341
178.204
176.527
182.211
182.105
181.887
181.547
181.065
180.408
179.523
178.323
176.657
174.274
182.11
181.999
181.768
181.404
180.883
180.166
179.192
177.868
176.058
173.567
182.064
181.953
181.726
181.367
180.856
180.159
179.223
177.973
176.3
174.057
182.062
181.96
181.75
181.423
180.965
180.355
179.561
178.537
177.21
175.47
182.09
182
181.816
181.535
181.157
180.676
180.091
179.397
178.575
177.571
182.125
182.046
181.887
181.654
181.354
181.006
180.639
180.305
180.075
180.018
182.148
182.075
181.931
181.727
181.477
181.215
180.997
180.928
181.194
182.142
124.418
124.322
124.134
123.857
123.502
123.101
122.721
122.52
122.842
124.46
124.179
124.07
123.851
123.52
123.076
122.523
121.878
121.174
120.465
119.776
123.956
123.83
123.571
123.171
122.608
121.857
120.87
119.568
117.789
115.174
123.762
123.619
123.325
122.86
122.193
121.273
120.021
118.307
115.921
112.518
123.609
123.455
123.136
122.629
121.898
120.884
119.5
117.616
115.046
111.534
123.504
123.345
123.017
122.496
121.747
120.716
119.325
117.464
114.987
111.709
123.444
123.287
122.962
122.452
121.726
120.74
119.434
117.728
115.513
112.654
123.418
123.266
122.955
122.471
121.791
120.888
119.722
118.247
116.399
114.089
123.412
123.267
122.971
122.515
121.886
121.069
120.052
118.826
117.389
115.735
123.412
123.271
122.984
122.547
121.95
121.191
120.275
119.229
118.128
117.147
47.7568
47.6938
47.5647
47.3624
47.0769
46.6966
46.2127
45.6305
44.9999
44.493
47.6443
47.5732
47.4265
47.1937
46.8584
46.3963
45.7732
44.9403
43.823
42.2871
47.5381
47.4577
47.2904
47.0214
46.626
46.0647
45.2755
44.1577
42.5406
40.1156
47.4439
47.355
47.1687
46.867
46.4188
45.7743
44.8555
43.5395
41.6312
38.8208
47.3673
47.2721
47.0722
46.7478
46.2649
45.5702
44.5818
43.176
41.1679
38.2868
47.3111
47.2126
47.0059
46.671
46.1741
45.4631
44.4597
43.0489
41.0641
38.2695
47.2747
47.1756
46.9683
46.6336
46.1401
45.4395
44.4605
43.0996
41.2078
38.5725
47.2544
47.1567
46.9527
46.6251
46.1455
45.4709
44.5385
43.2571
41.4945
39.0561
47.2451
47.1492
46.9497
46.631
46.1678
45.5222
44.64
43.4437
41.8215
39.6056
47.2417
47.1469
46.9504
46.6376
46.1852
45.5588
44.7105
43.575
42.0654
40.0708
49.9955
49.9954
49.9954
49.9954
49.9953
49.9953
49.9952
49.9951
49.995
49.9949
49.9959
49.9959
49.9959
49.9958
49.9958
49.9957
49.9956
49.9955
49.9954
49.9953
49.9968
49.9968
49.9968
49.9968
49.9967
49.9967
49.9966
49.9965
49.9963
49.9962
49.9984
49.9984
49.9984
49.9984
49.9984
49.9983
49.9982
49.9981
49.9979
49.9978
50.0008
50.0009
50.001
50.001
50.001
50.001
50.0009
50.0007
50.0005
50.0003
50.0045
50.0048
50.005
50.0051
50.0052
50.0051
50.005
50.0049
50.0046
50.0042
50.0102
50.0107
50.0111
50.0115
50.0117
50.0117
50.0117
50.0114
50.0111
50.0105
50.019
50.02
50.0209
50.0216
50.0221
50.0223
50.0223
50.022
50.0215
50.0207
50.0327
50.0347
50.0365
50.0379
50.0389
50.0396
50.0397
50.0394
50.0387
50.0375
50.0546
50.0587
50.0622
50.065
50.0672
50.0685
50.069
50.0688
50.0677
50.0658
129.986
129.986
129.986
129.986
129.986
129.986
129.985
129.985
129.985
129.985
129.987
129.987
129.987
129.987
129.986
129.986
129.986
129.986
129.986
129.985
129.988
129.988
129.988
129.988
129.988
129.988
129.987
129.987
129.987
129.987
129.99
129.99
129.99
129.99
129.99
129.99
129.99
129.989
129.989
129.989
129.994
129.994
129.994
129.994
129.993
129.993
129.993
129.993
129.992
129.992
129.998
129.998
129.998
129.998
129.998
129.998
129.997
129.997
129.997
129.996
130.004
130.004
130.004
130.004
130.004
130.004
130.004
130.003
130.003
130.002
130.011
130.012
130.012
130.012
130.012
130.012
130.012
130.011
130.01
130.01
130.021
130.022
130.023
130.023
130.023
130.023
130.023
130.022
130.021
130.02
130.033
130.035
130.036
130.036
130.037
130.037
130.036
130.036
130.035
130.033
189.975
189.975
189.975
189.974
189.974
189.974
189.974
189.974
189.973
189.973
189.975
189.975
189.975
189.975
189.975
189.975
189.974
189.974
189.974
189.974
189.976
189.976
189.976
189.976
189.976
189.976
189.975
189.975
189.975
189.975
189.978
189.978
189.978
189.978
189.977
189.977
189.977
189.977
189.976
189.976
189.98
189.98
189.98
189.98
189.98
189.98
189.979
189.979
189.979
189.978
189.983
189.983
189.983
189.983
189.983
189.982
189.982
189.982
189.981
189.981
189.987
189.987
189.987
189.987
189.987
189.986
189.986
189.985
189.985
189.984
189.992
189.992
189.992
189.991
189.991
189.991
189.991
189.99
189.989
189.989
189.997
189.997
189.997
189.997
189.997
189.996
189.996
189.995
189.995
189.994
190.004
190.004
190.004
190.004
190.004
190.003
190.003
190.002
190.001
190
229.963
229.962
229.962
229.962
229.962
229.962
229.962
229.962
229.961
229.961
229.963
229.963
229.963
229.963
229.962
229.962
229.962
229.962
229.962
229.962
229.963
229.963
229.963
229.963
229.963
229.963
229.963
229.963
229.962
229.962
229.964
229.964
229.964
229.964
229.964
229.964
229.964
229.963
229.963
229.963
229.966
229.966
229.965
229.965
229.965
229.965
229.965
229.965
229.964
229.964
229.967
229.967
229.967
229.967
229.967
229.967
229.966
229.966
229.966
229.966
229.969
229.969
229.969
229.969
229.969
229.969
229.968
229.968
229.968
229.967
229.972
229.971
229.971
229.971
229.971
229.971
229.97
229.97
229.97
229.969
229.974
229.974
229.974
229.974
229.974
229.974
229.973
229.973
229.972
229.972
229.977
229.977
229.977
229.976
229.976
229.976
229.976
229.975
229.975
229.974
249.952
249.952
249.952
249.952
249.951
249.951
249.951
249.951
249.951
249.951
249.952
249.952
249.952
249.952
249.952
249.952
249.951
249.951
249.951
249.951
249.952
249.952
249.952
249.952
249.952
249.952
249.952
249.952
249.952
249.951
249.952
249.952
249.952
249.952
249.952
249.952
249.952
249.952
249.952
249.952
249.953
249.953
249.953
249.953
249.952
249.952
249.952
249.952
249.952
249.952
249.953
249.953
249.953
249.953
249.953
249.953
249.953
249.953
249.953
249.953
249.954
249.954
249.954
249.954
249.954
249.953
249.953
249.953
249.953
249.953
249.954
249.954
249.954
249.954
249.954
249.954
249.954
249.954
249.954
249.954
249.955
249.955
249.955
249.955
249.955
249.955
249.955
249.955
249.954
249.954
249.957
249.957
249.957
249.956
249.956
249.956
249.956
249.956
249.956
249.956
249.944
249.944
249.944
249.944
249.944
249.944
249.944
249.944
249.944
249.945
249.944
249.944
249.944
249.944
249.944
249.944
249.944
249.944
249.944
249.944
249.944
249.944
249.944
249.944
249.944
249.944
249.944
249.944
249.944
249.944
249.943
249.943
249.944
249.944
249.944
249.944
249.944
249.944
249.944
249.944
249.943
249.943
249.943
249.943
249.943
249.943
249.943
249.943
249.944
249.944
249.943
249.943
249.943
249.943
249.943
249.943
249.943
249.943
249.943
249.943
249.942
249.942
249.942
249.942
249.942
249.942
249.942
249.942
249.943
249.943
249.941
249.941
249.941
249.941
249.941
249.942
249.942
249.942
249.942
249.942
249.94
249.941
249.941
249.941
249.941
249.941
249.941
249.941
249.941
249.941
249.939
249.939
249.939
249.939
249.939
249.939
249.94
249.94
249.94
249.94
229.942
229.942
229.942
229.942
229.942
229.942
229.942
229.942
229.943
229.943
229.941
229.941
229.941
229.942
229.942
229.942
229.942
229.942
229.942
229.943
229.941
229.941
229.941
229.941
229.941
229.941
229.941
229.942
229.942
229.942
229.94
229.94
229.94
229.94
229.94
229.94
229.94
229.941
229.941
229.941
229.938
229.938
229.939
229.939
229.939
229.939
229.939
229.939
229.94
229.94
229.937
229.937
229.937
229.937
229.937
229.937
229.938
229.938
229.938
229.938
229.935
229.935
229.935
229.935
229.935
229.936
229.936
229.936
229.936
229.937
229.932
229.933
229.933
229.933
229.933
229.933
229.934
229.934
229.934
229.935
229.93
229.93
229.93
229.93
229.93
229.931
229.931
229.931
229.932
229.932
229.927
229.927
229.927
229.928
229.928
229.928
229.928
229.929
229.929
229.93
189.946
189.946
189.946
189.946
189.947
189.947
189.947
189.947
189.947
189.948
189.945
189.946
189.946
189.946
189.946
189.946
189.946
189.947
189.947
189.947
189.944
189.944
189.945
189.945
189.945
189.945
189.945
189.946
189.946
189.946
189.943
189.943
189.943
189.943
189.943
189.944
189.944
189.944
189.944
189.945
189.94
189.941
189.941
189.941
189.941
189.941
189.942
189.942
189.942
189.943
189.937
189.938
189.938
189.938
189.938
189.938
189.939
189.939
189.939
189.94
189.934
189.934
189.934
189.934
189.934
189.935
189.935
189.935
189.936
189.936
189.929
189.929
189.929
189.929
189.93
189.93
189.93
189.931
189.931
189.932
189.924
189.924
189.924
189.924
189.924
189.924
189.925
189.925
189.926
189.927
189.917
189.917
189.917
189.917
189.917
189.917
189.918
189.919
189.919
189.92
129.96
129.96
129.96
129.96
129.96
129.96
129.96
129.961
129.961
129.961
129.959
129.959
129.959
129.959
129.959
129.959
129.96
129.96
129.96
129.96
129.957
129.958
129.958
129.958
129.958
129.958
129.958
129.959
129.959
129.959
129.955
129.955
129.955
129.955
129.956
129.956
129.956
129.956
129.957
129.957
129.952
129.952
129.952
129.952
129.952
129.953
129.953
129.953
129.954
129.954
129.948
129.948
129.948
129.948
129.948
129.948
129.948
129.949
129.949
129.95
129.942
129.942
129.942
129.942
129.942
129.942
129.942
129.943
129.943
129.944
129.934
129.934
129.934
129.934
129.934
129.934
129.934
129.935
129.935
129.936
129.925
129.924
129.923
129.923
129.923
129.923
129.923
129.924
129.925
129.926
129.912
129.911
129.91
129.909
129.909
129.909
129.909
129.91
129.911
129.913
49.9837
49.9837
49.9837
49.9838
49.9838
49.9839
49.984
49.9841
49.9842
49.9843
49.9833
49.9833
49.9833
49.9833
49.9834
49.9834
49.9835
49.9836
49.9837
49.9839
49.9823
49.9823
49.9823
49.9824
49.9824
49.9825
49.9826
49.9827
49.9828
49.9829
49.9808
49.9807
49.9807
49.9807
49.9808
49.9808
49.9809
49.981
49.9812
49.9814
49.9784
49.9782
49.9782
49.9781
49.9781
49.9782
49.9783
49.9784
49.9786
49.9789
49.9746
49.9744
49.9742
49.974
49.974
49.974
49.9741
49.9743
49.9746
49.9749
49.9689
49.9684
49.968
49.9677
49.9675
49.9674
49.9675
49.9677
49.9681
49.9686
49.9602
49.9591
49.9583
49.9576
49.9571
49.9568
49.9568
49.9571
49.9576
49.9584
49.9464
49.9444
49.9427
49.9412
49.9402
49.9396
49.9394
49.9397
49.9404
49.9416
49.9246
49.9205
49.917
49.9141
49.912
49.9107
49.9101
49.9104
49.9115
49.9134
50.3738
50.4168
50.4508
50.4769
50.4959
50.5082
50.5142
50.5142
50.5081
50.4957
50.3873
50.4308
50.4653
50.4917
50.5109
50.5233
50.5293
50.5292
50.5228
50.5101
50.3859
50.4293
50.4637
50.4902
50.5093
50.5217
50.5278
50.5276
50.5213
50.5087
50.3874
50.4309
50.4654
50.4918
50.511
50.5234
50.5294
50.5293
50.5229
50.5102
50.3828
50.4262
50.4607
50.4871
50.5062
50.5187
50.5247
50.5246
50.5183
50.5057
50.3824
50.4259
50.4604
50.4868
50.506
50.5184
50.5244
50.5242
50.5179
50.5051
50.3607
50.4041
50.4385
50.4649
50.4841
50.4965
50.5025
50.5024
50.496
50.4834
50.2845
50.3276
50.3618
50.3879
50.4068
50.4189
50.4246
50.4241
50.4175
50.4045
49.9786
50.0186
50.0495
50.0724
50.088
50.0968
50.0992
50.0955
50.0856
50.0694
48.6785
48.6699
48.6479
48.6159
48.5769
48.5336
48.4884
48.4424
48.3961
48.3497
130.172
130.179
130.186
130.191
130.194
130.196
130.196
130.194
130.191
130.186
130.181
130.189
130.195
130.2
130.204
130.206
130.206
130.204
130.2
130.194
130.187
130.195
130.201
130.206
130.21
130.212
130.211
130.21
130.206
130.2
130.181
130.189
130.195
130.2
130.204
130.205
130.205
130.204
130.2
130.194
130.188
130.195
130.202
130.207
130.211
130.212
130.212
130.21
130.206
130.2
130.162
130.169
130.176
130.181
130.184
130.186
130.186
130.185
130.181
130.176
130.113
130.121
130.127
130.132
130.136
130.138
130.137
130.135
130.132
130.126
129.886
129.893
129.899
129.903
129.906
129.907
129.906
129.903
129.898
129.892
129.021
129.02
129.016
129.012
129.005
128.996
128.986
128.974
128.959
128.943
125.718
125.612
125.493
125.364
125.23
125.096
124.966
124.842
124.727
124.62
190.064
190.065
190.066
190.067
190.067
190.067
190.066
190.064
190.062
190.06
190.085
190.086
190.087
190.088
190.087
190.087
190.086
190.084
190.081
190.078
190.077
190.078
190.079
190.08
190.08
190.079
190.078
190.077
190.074
190.072
190.085
190.086
190.087
190.087
190.087
190.086
190.085
190.083
190.081
190.078
190.063
190.065
190.066
190.066
190.066
190.066
190.065
190.064
190.062
190.059
190.062
190.063
190.064
190.064
190.064
190.063
190.062
190.06
190.058
190.055
189.963
189.965
189.965
189.966
189.966
189.965
189.964
189.962
189.96
189.957
189.621
189.62
189.62
189.619
189.618
189.616
189.613
189.61
189.606
189.602
188.274
188.261
188.247
188.233
188.217
188.202
188.185
188.168
188.15
188.132
183.615
183.472
183.315
183.147
182.974
182.799
182.626
182.458
182.295
182.14
230.011
230.011
230.011
230.011
230.011
230.01
230.009
230.008
230.007
230.006
230.008
230.008
230.008
230.007
230.007
230.007
230.006
230.005
230.004
230.003
230.019
230.019
230.019
230.018
230.018
230.017
230.016
230.015
230.014
230.012
230.007
230.007
230.006
230.006
230.006
230.005
230.005
230.004
230.003
230.002
230.02
230.02
230.02
230.02
230.019
230.018
230.017
230.016
230.014
230.012
229.969
229.969
229.969
229.969
229.968
229.968
229.967
229.967
229.966
229.965
229.874
229.874
229.874
229.873
229.873
229.872
229.871
229.87
229.869
229.867
229.431
229.429
229.428
229.426
229.423
229.421
229.419
229.416
229.413
229.41
227.775
227.757
227.739
227.721
227.702
227.682
227.662
227.641
227.62
227.599
222.183
222.021
221.85
221.67
221.486
221.299
221.111
220.924
220.739
220.557
249.96
249.96
249.96
249.96
249.96
249.96
249.96
249.96
249.959
249.959
249.975
249.975
249.975
249.974
249.974
249.974
249.973
249.973
249.972
249.971
249.963
249.963
249.963
249.963
249.963
249.962
249.962
249.962
249.962
249.962
249.973
249.973
249.973
249.973
249.972
249.972
249.971
249.971
249.97
249.969
249.944
249.944
249.944
249.944
249.944
249.944
249.944
249.944
249.944
249.945
249.941
249.941
249.941
249.941
249.94
249.94
249.939
249.938
249.938
249.937
249.804
249.804
249.804
249.803
249.803
249.803
249.803
249.803
249.802
249.802
249.327
249.325
249.323
249.321
249.319
249.317
249.314
249.312
249.31
249.307
247.477
247.458
247.438
247.418
247.398
247.377
247.356
247.335
247.314
247.292
241.445
241.275
241.098
240.916
240.729
240.54
240.348
240.156
239.963
239.77
249.935
249.936
249.936
249.936
249.936
249.936
249.936
249.936
249.936
249.936
249.921
249.921
249.921
249.921
249.922
249.922
249.923
249.923
249.924
249.924
249.932
249.932
249.932
249.932
249.932
249.932
249.932
249.932
249.933
249.933
249.918
249.918
249.918
249.919
249.919
249.919
249.92
249.921
249.921
249.922
249.933
249.933
249.933
249.933
249.933
249.933
249.932
249.932
249.932
249.932
249.876
249.877
249.877
249.877
249.878
249.878
249.879
249.88
249.881
249.882
249.771
249.771
249.771
249.771
249.771
249.771
249.771
249.771
249.772
249.772
249.281
249.279
249.277
249.276
249.274
249.272
249.271
249.269
249.268
249.267
247.456
247.437
247.418
247.398
247.377
247.357
247.336
247.315
247.293
247.272
241.398
241.228
241.051
240.869
240.683
240.494
240.304
240.112
239.92
239.728
229.893
229.893
229.893
229.893
229.894
229.894
229.895
229.896
229.897
229.899
229.896
229.896
229.896
229.896
229.896
229.897
229.897
229.898
229.899
229.9
229.884
229.884
229.885
229.885
229.885
229.886
229.887
229.888
229.89
229.891
229.893
229.893
229.893
229.893
229.894
229.894
229.895
229.896
229.896
229.897
229.867
229.867
229.868
229.868
229.869
229.87
229.871
229.873
229.874
229.876
229.864
229.864
229.864
229.864
229.864
229.865
229.865
229.866
229.867
229.868
229.741
229.741
229.741
229.741
229.742
229.742
229.743
229.744
229.745
229.747
229.31
229.308
229.307
229.305
229.304
229.303
229.302
229.301
229.3
229.3
227.633
227.615
227.598
227.58
227.562
227.544
227.526
227.508
227.49
227.472
222.084
221.922
221.75
221.57
221.386
221.199
221.012
220.826
220.642
220.461
189.856
189.855
189.854
189.854
189.853
189.854
189.855
189.856
189.858
189.86
189.836
189.835
189.834
189.834
189.834
189.835
189.836
189.838
189.84
189.843
189.843
189.841
189.84
189.84
189.84
189.84
189.841
189.843
189.845
189.848
189.833
189.832
189.831
189.831
189.831
189.832
189.833
189.835
189.837
189.841
189.843
189.842
189.841
189.84
189.84
189.84
189.841
189.842
189.844
189.846
189.804
189.802
189.802
189.801
189.802
189.803
189.804
189.806
189.809
189.812
189.728
189.726
189.725
189.725
189.725
189.725
189.726
189.728
189.73
189.732
189.376
189.373
189.371
189.369
189.368
189.367
189.367
189.367
189.368
189.37
188.048
188.033
188.017
188.002
187.986
187.971
187.957
187.942
187.928
187.915
183.391
183.245
183.085
182.916
182.742
182.568
182.396
182.231
182.072
181.921
129.774
129.767
129.76
129.755
129.752
129.75
129.75
129.752
129.755
129.761
129.764
129.757
129.75
129.745
129.741
129.739
129.739
129.741
129.745
129.75
129.759
129.751
129.744
129.739
129.736
129.734
129.734
129.736
129.74
129.746
129.763
129.755
129.748
129.743
129.739
129.738
129.738
129.739
129.743
129.749
129.75
129.742
129.736
129.731
129.728
129.726
129.726
129.729
129.733
129.739
129.748
129.74
129.733
129.728
129.724
129.722
129.722
129.724
129.728
129.733
129.685
129.678
129.671
129.666
129.662
129.661
129.661
129.663
129.667
129.672
129.464
129.456
129.448
129.442
129.438
129.435
129.434
129.435
129.438
129.443
128.59
128.573
128.557
128.542
128.529
128.517
128.507
128.498
128.492
128.487
125.329
125.208
125.075
124.935
124.793
124.655
124.524
124.403
124.294
124.196
49.6052
49.5622
49.5282
49.502
49.4831
49.4707
49.4647
49.4647
49.4708
49.4831
49.5919
49.5485
49.5141
49.4877
49.4685
49.4561
49.4501
49.4503
49.4567
49.4695
49.593
49.5496
49.5151
49.4887
49.4695
49.457
49.451
49.4511
49.4574
49.47
49.5911
49.5477
49.5132
49.4868
49.4677
49.4553
49.4493
49.4495
49.456
49.4687
49.593
49.5496
49.5151
49.4886
49.4694
49.4569
49.4507
49.4508
49.457
49.4695
49.5846
49.5412
49.5067
49.4804
49.4613
49.4489
49.443
49.4432
49.4497
49.4625
49.5676
49.5241
49.4896
49.4632
49.444
49.4315
49.4254
49.4256
49.4319
49.4445
49.4895
49.4458
49.4111
49.3843
49.3649
49.3522
49.3458
49.3457
49.3518
49.3642
49.1883
49.1414
49.1034
49.0734
49.0506
49.0345
49.0248
49.0213
49.0239
49.0329
47.9067
47.8119
47.7217
47.6371
47.56
47.4919
47.4344
47.3883
47.3542
47.3322
43.5249
44.3379
41.0734
37.4405
34.0894
31.42
29.6183
28.6788
28.4292
28.5668
40.4933
38.8587
36.429
33.6305
30.8511
28.5002
26.8519
25.9853
25.7852
25.9757
37.0752
35.1596
32.4086
29.5956
27.0105
24.9075
23.4685
22.7484
22.6453
22.9082
35.4856
33.3702
30.2588
27.1075
24.3113
22.1383
20.7269
20.077
20.048
20.3753
34.9981
32.8225
29.5075
26.0786
23.0131
20.6392
19.1161
18.4311
18.415
18.7743
35.1452
33.0181
29.6874
26.1697
22.9732
20.464
18.832
18.0794
18.0347
18.3887
35.6487
33.6405
30.4592
27.0621
23.9406
21.4598
19.8201
19.0393
18.9594
19.2791
36.3499
34.5129
31.6185
28.5291
25.6813
23.4036
21.8814
21.1377
21.0353
21.3015
37.1559
35.5438
33.0525
30.4168
27.9931
26.0504
24.7421
24.0885
23.9759
24.1754
38.0023
36.677
34.6694
32.5697
30.648
29.1059
28.0582
27.5193
27.4008
27.525
126.272
129.482
123.548
116.404
109.523
103.831
99.7929
97.4588
96.5136
96.3549
119.059
117.053
113.543
108.728
103.411
98.5681
94.914
92.7315
91.8617
91.7784
111.771
109.26
105.183
100.538
95.8517
91.7038
88.5893
86.7486
86.0746
86.1182
108.574
105.695
100.914
95.6246
90.5839
86.3841
83.4031
81.7507
81.2392
81.4032
107.739
104.771
99.6304
93.8416
88.3246
83.7866
80.6354
78.9443
78.4647
78.6814
108.301
105.482
100.41
94.5616
88.8976
84.1843
80.8797
79.0826
78.5437
78.7294
109.739
107.245
102.634
97.2137
91.8771
87.3616
84.1316
82.315
81.6998
81.7867
111.77
109.752
105.946
101.396
96.8406
92.9108
90.0267
88.3277
87.6568
87.5957
114.188
112.816
110.129
106.807
103.375
100.316
97.9766
96.497
95.7861
95.5392
116.782
116.253
114.915
113.028
110.894
108.839
107.131
105.91
105.158
104.699
186.542
189.355
184.311
178.133
172.067
166.914
163.099
160.706
159.5
158.983
180.464
178.961
176.099
171.972
167.277
162.869
159.39
157.12
155.957
155.47
174.269
172.439
169.265
165.453
161.432
157.711
154.743
152.776
151.761
151.348
171.487
169.406
165.823
161.713
157.636
154.064
151.331
149.574
148.692
148.345
170.848
168.741
165.046
160.798
156.625
153.031
150.337
148.634
147.786
147.446
171.674
169.779
166.379
162.407
158.457
155.02
152.409
150.722
149.834
149.423
173.627
172.158
169.467
166.25
162.969
160.028
157.703
156.104
155.153
154.6
176.51
175.685
174.103
172.1
169.923
167.826
166.014
164.606
163.594
162.84
180.082
180.161
180.091
179.701
178.967
177.962
176.816
175.662
174.579
173.574
183.988
185.275
187.032
188.498
189.375
189.568
189.14
188.248
187.073
185.777
222.348
223.019
219.809
216.105
212.517
209.428
207.035
205.375
204.332
203.654
220.192
219.074
216.898
214.02
210.914
208.045
205.724
204.064
202.994
202.28
217.721
216.678
214.649
212.118
209.424
206.9
204.798
203.237
202.18
201.437
216.514
215.493
213.653
211.448
209.155
207.013
205.197
203.791
202.765
201.98
216.391
215.458
213.947
212.237
210.494
208.849
207.394
206.172
205.171
204.314
217.346
216.654
215.71
214.738
213.757
212.766
211.761
210.753
209.759
208.788
219.44
219.192
219.117
219.176
219.2
219.03
218.566
217.796
216.785
215.651
222.679
223.12
224.259
225.669
226.941
227.745
227.895
227.372
226.313
224.964
226.848
228.291
231.042
234.122
236.847
238.723
239.506
239.206
238.054
236.435
231.488
234.295
238.999
243.96
248.237
251.206
252.597
252.477
251.185
249.25
238.316
237.245
235.219
233.223
231.412
229.856
228.572
227.541
226.716
226.016
239.192
238.208
236.349
234.238
232.212
230.453
229.018
227.881
226.972
226.19
239.657
239.061
237.685
235.922
234.078
232.37
230.906
229.697
228.692
227.803
239.757
239.402
238.662
237.676
236.548
235.37
234.208
233.096
232.04
231.027
240.081
239.902
239.817
239.783
239.67
239.358
238.782
237.942
236.9
235.757
241.103
241.18
241.845
242.868
243.893
244.584
244.718
244.234
243.234
241.949
243.19
243.7
245.309
247.522
249.757
251.477
252.322
252.18
251.2
249.744
246.51
247.702
250.534
254.123
257.645
260.385
261.885
262.02
261.008
259.337
250.886
253.092
257.514
262.714
267.607
271.337
273.405
273.727
272.609
270.671
255.808
259.415
265.764
272.745
279.047
283.719
286.272
286.697
285.41
283.158
238.311
237.232
235.214
233.229
231.429
229.883
228.605
227.578
226.754
226.053
239.201
238.218
236.362
234.256
232.236
230.483
229.052
227.918
227.01
226.227
239.678
239.085
237.712
235.952
234.11
232.405
230.943
229.735
228.73
227.84
239.783
239.431
238.694
237.711
236.585
235.409
234.248
233.136
232.08
231.066
240.107
239.931
239.849
239.819
239.707
239.397
238.822
237.981
236.939
235.795
241.128
241.206
241.874
242.9
243.927
244.619
244.753
244.268
243.268
241.982
243.212
243.724
245.334
247.547
249.782
251.502
252.346
252.203
251.222
249.765
246.529
247.722
250.552
254.139
257.658
260.395
261.892
262.026
261.012
259.341
250.902
253.106
257.524
262.718
267.605
271.328
273.391
273.71
272.591
270.652
255.82
259.423
265.765
272.736
279.027
283.688
286.234
286.654
285.366
283.114
222.342
222.991
219.806
216.135
212.581
209.519
207.145
205.495
204.455
203.775
220.222
219.108
216.941
214.078
210.99
208.138
205.83
204.178
203.11
202.395
217.784
216.747
214.726
212.203
209.517
207
204.903
203.346
202.289
201.545
216.585
215.572
213.74
211.543
209.255
207.117
205.303
203.896
202.869
202.082
216.461
215.533
214.03
212.327
210.59
208.948
207.493
206.27
205.267
204.408
217.409
216.721
215.784
214.817
213.84
212.851
211.845
210.835
209.839
208.866
219.497
219.252
219.178
219.238
219.261
219.089
218.623
217.849
216.835
215.7
222.729
223.17
224.306
225.708
226.972
227.767
227.909
227.381
226.319
224.969
226.889
228.328
231.069
234.133
236.84
238.699
239.468
239.16
238.005
236.385
231.518
234.317
239.002
243.937
248.186
251.129
252.5
252.368
251.072
249.138
186.557
189.345
184.342
178.215
172.199
167.086
163.3
160.92
159.717
159.196
180.523
179.029
176.18
172.077
167.408
163.026
159.566
157.307
156.146
155.657
174.36
172.54
169.377
165.575
161.565
157.853
154.892
152.929
151.914
151.499
171.582
169.508
165.935
161.833
157.761
154.192
151.459
149.701
148.817
148.468
170.934
168.832
165.145
160.903
156.733
153.141
150.445
148.74
147.889
147.547
171.75
169.858
166.463
162.495
158.546
155.108
152.494
150.804
149.913
149.5
173.695
172.228
169.537
166.318
163.033
160.086
157.756
156.152
155.198
154.643
176.57
175.745
174.157
172.143
169.954
167.843
166.021
164.605
163.59
162.836
180.132
180.207
180.123
179.713
178.956
177.929
176.767
175.602
174.515
173.51
184.027
185.305
187.039
188.474
189.317
189.479
189.027
188.12
186.94
185.645
126.333
129.53
123.641
116.549
109.717
104.065
100.052
97.73
96.7856
96.6218
119.142
117.146
113.652
108.86
103.569
98.7507
95.1143
92.9409
92.0725
91.9859
111.861
109.357
105.289
100.653
95.9739
91.8336
88.7251
86.8875
86.2136
86.2551
108.655
105.779
101.002
95.7156
90.6759
86.4761
83.4944
81.8409
81.3279
81.4902
107.806
104.839
99.6997
93.9113
88.3932
83.8529
80.6987
79.0049
78.5232
78.7385
108.357
105.539
100.467
94.6169
88.95
84.2327
80.9238
79.1232
78.582
78.7665
109.791
107.296
102.683
97.2576
91.9144
87.3917
84.1553
82.3339
81.7161
81.8021
111.818
109.798
105.986
101.426
96.858
92.9161
90.0219
88.3164
87.6426
87.5812
114.23
112.854
110.156
106.818
103.367
100.29
97.9367
96.4483
95.7339
95.4872
116.816
116.28
114.926
113.016
110.856
108.777
107.05
105.817
105.061
104.602
43.5936
44.4122
41.168
37.5586
34.2297
31.5778
29.7871
28.852
28.6016
28.7354
40.5466
38.9157
36.4927
33.704
30.9359
28.5951
26.954
26.091
25.8912
26.0799
37.1124
35.1977
32.448
29.6368
27.0539
24.9533
23.5164
22.7975
22.6946
22.9569
35.5131
33.3967
30.2839
27.1312
24.3335
22.1594
20.7471
20.0966
20.0674
20.3944
35.0194
32.8423
29.5251
26.094
23.0262
20.6501
19.125
18.4388
18.4222
18.7813
35.1641
33.0358
29.7031
26.183
22.9838
20.4718
18.8374
18.0832
18.0376
18.3915
35.6678
33.6588
30.4754
27.0752
23.9498
21.4652
19.8223
19.0392
18.9583
19.2779
36.3694
34.5317
31.6343
28.5401
25.6867
23.4036
21.8769
21.1304
21.0268
21.2929
37.174
35.5607
33.0651
30.4231
27.9922
26.0425
24.7286
24.0715
23.9574
24.1568
38.0179
36.6905
34.6774
32.5699
30.6392
29.0883
28.0335
27.49
27.3696
27.4936
49.9916
49.9898
49.9896
49.9896
49.9896
49.9896
49.9896
49.9896
49.9896
49.9896
49.9916
49.9898
49.9896
49.9896
49.9896
49.9896
49.9896
49.9896
49.9896
49.9896
49.9918
49.9898
49.9896
49.9896
49.9896
49.9896
49.9896
49.9896
49.9896
49.9896
49.992
49.9899
49.9896
49.9896
49.9896
49.9896
49.9896
49.9896
49.9896
49.9896
49.9924
49.9899
49.9896
49.9896
49.9896
49.9896
49.9896
49.9896
49.9896
49.9896
49.9929
49.9899
49.9896
49.9896
49.9896
49.9896
49.9896
49.9896
49.9896
49.9896
49.9935
49.9899
49.9896
49.9896
49.9896
49.9896
49.9896
49.9896
49.9896
49.9896
49.9943
49.99
49.9896
49.9896
49.9896
49.9896
49.9896
49.9896
49.9896
49.9896
49.9953
49.99
49.9896
49.9896
49.9896
49.9896
49.9896
49.9896
49.9896
49.9896
49.9966
49.9901
49.9896
49.9896
49.9896
49.9896
49.9896
49.9896
49.9896
49.9896
129.978
129.974
129.973
129.973
129.973
129.973
129.973
129.973
129.973
129.973
129.978
129.974
129.973
129.973
129.973
129.973
129.973
129.973
129.973
129.973
129.978
129.974
129.973
129.973
129.973
129.973
129.973
129.973
129.973
129.973
129.979
129.974
129.973
129.973
129.973
129.973
129.973
129.973
129.973
129.973
129.979
129.974
129.973
129.973
129.973
129.973
129.973
129.973
129.973
129.973
129.98
129.974
129.973
129.973
129.973
129.973
129.973
129.973
129.973
129.973
129.981
129.974
129.973
129.973
129.973
129.973
129.973
129.973
129.973
129.973
129.982
129.974
129.973
129.973
129.973
129.973
129.973
129.973
129.973
129.973
129.984
129.974
129.973
129.973
129.973
129.973
129.973
129.973
129.973
129.973
129.985
129.974
129.973
129.973
129.973
129.973
129.973
129.973
129.973
129.973
189.966
189.961
189.96
189.96
189.96
189.96
189.96
189.96
189.96
189.96
189.966
189.961
189.96
189.96
189.96
189.96
189.96
189.96
189.96
189.96
189.966
189.961
189.96
189.96
189.96
189.96
189.96
189.96
189.96
189.96
189.967
189.961
189.96
189.96
189.96
189.96
189.96
189.96
189.96
189.96
189.967
189.961
189.96
189.96
189.96
189.96
189.96
189.96
189.96
189.96
189.968
189.961
189.96
189.96
189.96
189.96
189.96
189.96
189.96
189.96
189.969
189.961
189.96
189.96
189.96
189.96
189.96
189.96
189.96
189.96
189.97
189.961
189.96
189.96
189.96
189.96
189.96
189.96
189.96
189.96
189.971
189.962
189.96
189.96
189.96
189.96
189.96
189.96
189.96
189.96
189.972
189.962
189.96
189.96
189.96
189.96
189.96
189.96
189.96
189.96
229.956
229.953
229.952
229.952
229.952
229.952
229.952
229.952
229.952
229.952
229.956
229.953
229.952
229.952
229.952
229.952
229.952
229.952
229.952
229.952
229.957
229.953
229.952
229.952
229.952
229.952
229.952
229.952
229.952
229.952
229.957
229.953
229.952
229.952
229.952
229.952
229.952
229.952
229.952
229.952
229.957
229.953
229.952
229.952
229.952
229.952
229.952
229.952
229.952
229.952
229.958
229.953
229.952
229.952
229.952
229.952
229.952
229.952
229.952
229.952
229.958
229.953
229.952
229.952
229.952
229.952
229.952
229.952
229.952
229.952
229.959
229.953
229.952
229.952
229.952
229.952
229.952
229.952
229.952
229.952
229.96
229.953
229.952
229.952
229.952
229.952
229.952
229.952
229.952
229.952
229.96
229.953
229.952
229.952
229.952
229.952
229.952
229.952
229.952
229.952
249.949
249.948
249.948
249.948
249.948
249.948
249.948
249.948
249.948
249.948
249.949
249.948
249.948
249.948
249.948
249.948
249.948
249.948
249.948
249.948
249.95
249.948
249.948
249.948
249.948
249.948
249.948
249.948
249.948
249.948
249.95
249.948
249.948
249.948
249.948
249.948
249.948
249.948
249.948
249.948
249.95
249.948
249.948
249.948
249.948
249.948
249.948
249.948
249.948
249.948
249.95
249.948
249.948
249.948
249.948
249.948
249.948
249.948
249.948
249.948
249.95
249.948
249.948
249.948
249.948
249.948
249.948
249.948
249.948
249.948
249.95
249.948
249.948
249.948
249.948
249.948
249.948
249.948
249.948
249.948
249.95
249.948
249.948
249.948
249.948
249.948
249.948
249.948
249.948
249.948
249.951
249.948
249.948
249.948
249.948
249.948
249.948
249.948
249.948
249.948
249.946
249.948
249.948
249.948
249.948
249.948
249.948
249.948
249.948
249.948
249.946
249.948
249.948
249.948
249.948
249.948
249.948
249.948
249.948
249.948
249.946
249.948
249.948
249.948
249.948
249.948
249.948
249.948
249.948
249.948
249.946
249.948
249.948
249.948
249.948
249.948
249.948
249.948
249.948
249.948
249.946
249.948
249.948
249.948
249.948
249.948
249.948
249.948
249.948
249.948
249.946
249.948
249.948
249.948
249.948
249.948
249.948
249.948
249.948
249.948
249.946
249.948
249.948
249.948
249.948
249.948
249.948
249.948
249.948
249.948
249.945
249.948
249.948
249.948
249.948
249.948
249.948
249.948
249.948
249.948
249.945
249.948
249.948
249.948
249.948
249.948
249.948
249.948
249.948
249.948
249.945
249.947
249.948
249.948
249.948
249.948
249.948
249.948
249.948
249.948
229.948
229.951
229.952
229.952
229.952
229.952
229.952
229.952
229.952
229.952
229.948
229.951
229.952
229.952
229.952
229.952
229.952
229.952
229.952
229.952
229.947
229.951
229.952
229.952
229.952
229.952
229.952
229.952
229.952
229.952
229.947
229.951
229.952
229.952
229.952
229.952
229.952
229.952
229.952
229.952
229.947
229.951
229.952
229.952
229.952
229.952
229.952
229.952
229.952
229.952
229.946
229.951
229.952
229.952
229.952
229.952
229.952
229.952
229.952
229.952
229.946
229.951
229.952
229.952
229.952
229.952
229.952
229.952
229.952
229.952
229.945
229.951
229.952
229.952
229.952
229.952
229.952
229.952
229.952
229.952
229.945
229.951
229.952
229.952
229.952
229.952
229.952
229.952
229.952
229.952
229.944
229.951
229.952
229.952
229.952
229.952
229.952
229.952
229.952
229.952
189.955
189.96
189.96
189.96
189.96
189.96
189.96
189.96
189.96
189.96
189.955
189.96
189.96
189.96
189.96
189.96
189.96
189.96
189.96
189.96
189.954
189.96
189.96
189.96
189.96
189.96
189.96
189.96
189.96
189.96
189.954
189.96
189.96
189.96
189.96
189.96
189.96
189.96
189.96
189.96
189.953
189.959
189.96
189.96
189.96
189.96
189.96
189.96
189.96
189.96
189.953
189.959
189.96
189.96
189.96
189.96
189.96
189.96
189.96
189.96
189.952
189.959
189.96
189.96
189.96
189.96
189.96
189.96
189.96
189.96
189.951
189.959
189.96
189.96
189.96
189.96
189.96
189.96
189.96
189.96
189.95
189.959
189.96
189.96
189.96
189.96
189.96
189.96
189.96
189.96
189.948
189.959
189.96
189.96
189.96
189.96
189.96
189.96
189.96
189.96
129.968
129.972
129.973
129.973
129.973
129.973
129.973
129.973
129.973
129.973
129.968
129.972
129.973
129.973
129.973
129.973
129.973
129.973
129.973
129.973
129.968
129.972
129.973
129.973
129.973
129.973
129.973
129.973
129.973
129.973
129.967
129.972
129.973
129.973
129.973
129.973
129.973
129.973
129.973
129.973
129.966
129.972
129.973
129.973
129.973
129.973
129.973
129.973
129.973
129.973
129.966
129.972
129.973
129.973
129.973
129.973
129.973
129.973
129.973
129.973
129.965
129.972
129.973
129.973
129.973
129.973
129.973
129.973
129.973
129.973
129.964
129.972
129.973
129.973
129.973
129.973
129.973
129.973
129.973
129.973
129.962
129.972
129.973
129.973
129.973
129.973
129.973
129.973
129.973
129.973
129.96
129.972
129.973
129.973
129.973
129.973
129.973
129.973
129.973
129.973
49.9876
49.9893
49.9895
49.9896
49.9896
49.9896
49.9896
49.9896
49.9896
49.9896
49.9875
49.9893
49.9895
49.9896
49.9896
49.9896
49.9896
49.9896
49.9896
49.9896
49.9873
49.9893
49.9895
49.9896
49.9896
49.9896
49.9896
49.9896
49.9896
49.9896
49.9871
49.9893
49.9895
49.9896
49.9896
49.9896
49.9896
49.9896
49.9896
49.9896
49.9868
49.9893
49.9895
49.9896
49.9896
49.9896
49.9896
49.9896
49.9896
49.9896
49.9863
49.9892
49.9895
49.9896
49.9896
49.9896
49.9896
49.9896
49.9896
49.9896
49.9857
49.9892
49.9895
49.9896
49.9896
49.9896
49.9896
49.9896
49.9896
49.9896
49.9849
49.9892
49.9895
49.9896
49.9896
49.9896
49.9896
49.9896
49.9896
49.9896
49.9838
49.9891
49.9895
49.9896
49.9896
49.9896
49.9896
49.9896
49.9896
49.9896
49.9825
49.9891
49.9895
49.9896
49.9896
49.9896
49.9896
49.9896
49.9896
49.9896
50.0111
49.9905
49.9896
49.9896
49.9896
49.9896
49.9896
49.9896
49.9896
49.9896
50.0129
49.9906
49.9896
49.9896
49.9896
49.9896
49.9896
49.9896
49.9896
49.9896
50.013
49.9906
49.9896
49.9896
49.9896
49.9896
49.9896
49.9896
49.9896
49.9896
50.0127
49.9904
49.9895
49.9895
49.9895
49.9896
49.9896
49.9896
49.9896
49.9896
50.0116
49.9897
49.9891
49.9893
49.9895
49.9895
49.9896
49.9896
49.9896
49.9896
50.0071
49.9867
49.9877
49.9888
49.9893
49.9895
49.9895
49.9896
49.9896
49.9896
49.9873
49.9749
49.9826
49.9869
49.9887
49.9893
49.9895
49.9896
49.9896
49.9896
49.8997
49.9286
49.9651
49.9815
49.9872
49.9889
49.9894
49.9895
49.9896
49.9896
49.4833
49.7526
49.9115
49.9673
49.9837
49.9881
49.9892
49.9895
49.9896
49.9896
47.138
49.1279
49.7736
49.9388
49.978
49.9869
49.989
49.9894
49.9895
49.9896
130.002
129.975
129.973
129.973
129.973
129.973
129.973
129.973
129.973
129.973
130.005
129.975
129.973
129.973
129.973
129.973
129.973
129.973
129.973
129.973
130.006
129.975
129.973
129.973
129.973
129.973
129.973
129.973
129.973
129.973
130.005
129.975
129.973
129.973
129.973
129.973
129.973
129.973
129.973
129.973
130.002
129.973
129.972
129.972
129.973
129.973
129.973
129.973
129.973
129.973
129.988
129.964
129.967
129.971
129.972
129.973
129.973
129.973
129.973
129.973
129.931
129.93
129.953
129.965
129.97
129.972
129.973
129.973
129.973
129.973
129.677
129.795
129.902
129.949
129.966
129.971
129.972
129.973
129.973
129.973
128.482
129.286
129.746
129.908
129.956
129.969
129.972
129.973
129.973
129.973
122.079
127.493
129.347
129.826
129.939
129.965
129.971
129.973
129.973
129.973
189.985
189.963
189.961
189.96
189.96
189.96
189.96
189.96
189.96
189.96
189.989
189.963
189.961
189.96
189.96
189.96
189.96
189.96
189.96
189.96
189.989
189.963
189.96
189.96
189.96
189.96
189.96
189.96
189.96
189.96
189.988
189.962
189.96
189.96
189.96
189.96
189.96
189.96
189.96
189.96
189.982
189.959
189.958
189.959
189.96
189.96
189.96
189.96
189.96
189.96
189.962
189.945
189.952
189.957
189.959
189.96
189.96
189.96
189.96
189.96
189.873
189.892
189.929
189.948
189.956
189.959
189.96
189.96
189.96
189.96
189.479
189.683
189.85
189.924
189.949
189.957
189.96
189.96
189.96
189.96
187.643
188.892
189.608
189.86
189.934
189.954
189.959
189.96
189.96
189.96
178.318
186.142
188.988
189.731
189.908
189.949
189.958
189.96
189.96
189.96
229.968
229.954
229.952
229.952
229.952
229.952
229.952
229.952
229.952
229.952
229.97
229.954
229.952
229.952
229.952
229.952
229.952
229.952
229.952
229.952
229.97
229.954
229.952
229.952
229.952
229.952
229.952
229.952
229.952
229.952
229.969
229.953
229.951
229.952
229.952
229.952
229.952
229.952
229.952
229.952
229.963
229.948
229.949
229.951
229.951
229.952
229.952
229.952
229.952
229.952
229.936
229.932
229.941
229.947
229.95
229.951
229.952
229.952
229.952
229.952
229.825
229.864
229.912
229.937
229.947
229.95
229.952
229.952
229.952
229.952
229.329
229.601
229.813
229.906
229.938
229.948
229.951
229.952
229.952
229.952
227.046
228.608
229.508
229.825
229.919
229.944
229.95
229.952
229.952
229.952
215.944
225.192
228.73
229.663
229.886
229.937
229.949
229.951
229.952
229.952
249.953
249.948
249.948
249.948
249.948
249.948
249.948
249.948
249.948
249.948
249.954
249.948
249.948
249.948
249.948
249.948
249.948
249.948
249.948
249.948
249.954
249.948
249.948
249.948
249.948
249.948
249.948
249.948
249.948
249.948
249.952
249.947
249.947
249.947
249.948
249.948
249.948
249.948
249.948
249.948
249.945
249.942
249.945
249.946
249.947
249.948
249.948
249.948
249.948
249.948
249.917
249.924
249.936
249.943
249.946
249.947
249.948
249.948
249.948
249.948
249.792
249.849
249.903
249.931
249.942
249.946
249.947
249.948
249.948
249.948
249.244
249.558
249.793
249.897
249.933
249.944
249.947
249.948
249.948
249.948
246.732
248.459
249.456
249.808
249.911
249.939
249.946
249.947
249.948
249.948
234.814
244.704
248.595
249.628
249.875
249.931
249.944
249.947
249.948
249.948
249.943
249.947
249.948
249.948
249.948
249.948
249.948
249.948
249.948
249.948
249.941
249.947
249.948
249.948
249.948
249.948
249.948
249.948
249.948
249.948
249.941
249.947
249.948
249.948
249.948
249.948
249.948
249.948
249.948
249.948
249.939
249.946
249.947
249.947
249.948
249.948
249.948
249.948
249.948
249.948
249.933
249.941
249.944
249.946
249.947
249.948
249.948
249.948
249.948
249.948
249.903
249.922
249.935
249.943
249.946
249.947
249.948
249.948
249.948
249.948
249.779
249.848
249.903
249.931
249.942
249.946
249.947
249.948
249.948
249.948
249.232
249.556
249.793
249.897
249.933
249.944
249.947
249.948
249.948
249.948
246.719
248.458
249.456
249.808
249.911
249.939
249.946
249.947
249.948
249.948
234.798
244.703
248.595
249.628
249.875
249.931
249.944
249.947
249.948
249.948
229.936
229.95
229.952
229.952
229.952
229.952
229.952
229.952
229.952
229.952
229.934
229.95
229.952
229.952
229.952
229.952
229.952
229.952
229.952
229.952
229.933
229.95
229.952
229.952
229.952
229.952
229.952
229.952
229.952
229.952
229.931
229.949
229.951
229.952
229.952
229.952
229.952
229.952
229.952
229.952
229.925
229.944
229.949
229.951
229.951
229.952
229.952
229.952
229.952
229.952
229.899
229.928
229.941
229.947
229.95
229.951
229.952
229.952
229.952
229.952
229.787
229.86
229.912
229.937
229.947
229.95
229.952
229.952
229.952
229.952
229.292
229.597
229.812
229.906
229.938
229.948
229.951
229.952
229.952
229.952
227.008
228.605
229.508
229.825
229.919
229.944
229.95
229.952
229.952
229.952
215.899
225.189
228.73
229.663
229.886
229.937
229.949
229.951
229.952
229.952
189.936
189.958
189.96
189.96
189.96
189.96
189.96
189.96
189.96
189.96
189.932
189.958
189.96
189.96
189.96
189.96
189.96
189.96
189.96
189.96
189.931
189.957
189.96
189.96
189.96
189.96
189.96
189.96
189.96
189.96
189.93
189.957
189.96
189.96
189.96
189.96
189.96
189.96
189.96
189.96
189.925
189.953
189.958
189.959
189.96
189.96
189.96
189.96
189.96
189.96
189.905
189.94
189.951
189.957
189.959
189.96
189.96
189.96
189.96
189.96
189.816
189.886
189.928
189.948
189.956
189.959
189.96
189.96
189.96
189.96
189.422
189.678
189.849
189.924
189.949
189.957
189.96
189.96
189.96
189.96
187.585
188.887
189.608
189.86
189.934
189.954
189.959
189.96
189.96
189.96
178.252
186.138
188.988
189.731
189.908
189.948
189.958
189.96
189.96
189.96
129.944
129.971
129.973
129.973
129.973
129.973
129.973
129.973
129.973
129.973
129.94
129.97
129.973
129.973
129.973
129.973
129.973
129.973
129.973
129.973
129.94
129.97
129.973
129.973
129.973
129.973
129.973
129.973
129.973
129.973
129.939
129.97
129.972
129.973
129.973
129.973
129.973
129.973
129.973
129.973
129.936
129.968
129.971
129.972
129.973
129.973
129.973
129.973
129.973
129.973
129.923
129.959
129.967
129.971
129.972
129.973
129.973
129.973
129.973
129.973
129.865
129.925
129.952
129.965
129.97
129.972
129.973
129.973
129.973
129.973
129.612
129.79
129.902
129.949
129.966
129.971
129.972
129.973
129.973
129.973
128.415
129.281
129.746
129.908
129.956
129.969
129.972
129.973
129.973
129.973
122.006
127.489
129.347
129.825
129.939
129.965
129.971
129.973
129.973
129.973
49.9681
49.9886
49.9895
49.9896
49.9896
49.9896
49.9896
49.9896
49.9896
49.9896
49.9662
49.9885
49.9895
49.9896
49.9896
49.9896
49.9896
49.9896
49.9896
49.9896
49.966
49.9884
49.9895
49.9895
49.9896
49.9896
49.9896
49.9896
49.9896
49.9896
49.9658
49.9882
49.9894
49.9895
49.9895
49.9896
49.9896
49.9896
49.9896
49.9896
49.9647
49.9875
49.989
49.9893
49.9895
49.9895
49.9896
49.9896
49.9896
49.9896
49.9601
49.9845
49.9875
49.9888
49.9893
49.9895
49.9895
49.9896
49.9896
49.9896
49.9404
49.9727
49.9824
49.9869
49.9887
49.9893
49.9895
49.9896
49.9896
49.9896
49.853
49.9265
49.965
49.9815
49.9872
49.9889
49.9894
49.9895
49.9896
49.9896
49.4361
49.7507
49.9114
49.9673
49.9837
49.9881
49.9892
49.9895
49.9896
49.9896
47.0873
49.1263
49.7734
49.9388
49.978
49.9869
49.989
49.9894
49.9895
49.9896
37.7633
48.1679
49.6603
49.9229
49.9755
49.9865
49.9889
49.9894
49.9895
49.9896
36.7833
48.0702
49.6486
49.9213
49.9753
49.9865
49.9889
49.9894
49.9895
49.9896
36.0545
47.9828
49.6379
49.9198
49.975
49.9865
49.9889
49.9894
49.9895
49.9896
35.508
47.9063
49.6283
49.9184
49.9748
49.9864
49.9889
49.9894
49.9895
49.9896
35.0831
47.8411
49.6199
49.9173
49.9747
49.9864
49.9889
49.9894
49.9895
49.9896
34.7579
47.7871
49.6128
49.9163
49.9745
49.9864
49.9889
49.9894
49.9895
49.9896
34.5371
47.7444
49.6071
49.9155
49.9744
49.9864
49.9889
49.9894
49.9895
49.9896
34.421
47.7129
49.6028
49.9149
49.9743
49.9863
49.9889
49.9894
49.9895
49.9896
34.3876
47.6921
49.5999
49.9145
49.9742
49.9863
49.9889
49.9894
49.9895
49.9896
34.3952
47.6819
49.5984
49.9143
49.9742
49.9863
49.9889
49.9894
49.9895
49.9896
99.5478
124.837
129.022
129.78
129.932
129.964
129.971
129.972
129.973
129.973
97.3619
124.567
128.988
129.775
129.931
129.964
129.971
129.972
129.973
129.973
95.6782
124.325
128.958
129.771
129.931
129.964
129.971
129.972
129.973
129.973
94.397
124.114
128.93
129.767
129.93
129.964
129.971
129.972
129.973
129.973
93.405
123.933
128.906
129.763
129.93
129.964
129.971
129.972
129.973
129.973
92.6604
123.784
128.886
129.76
129.929
129.964
129.971
129.972
129.973
129.973
92.172
123.665
128.869
129.758
129.929
129.964
129.971
129.972
129.973
129.973
91.9321
123.578
128.857
129.756
129.929
129.964
129.971
129.972
129.973
129.973
91.8794
123.52
128.849
129.755
129.928
129.964
129.971
129.972
129.973
129.973
91.9106
123.492
128.844
129.755
129.928
129.963
129.971
129.972
129.973
129.973
148.818
182.245
188.49
189.66
189.897
189.947
189.957
189.96
189.96
189.96
146.139
181.849
188.439
189.652
189.896
189.947
189.957
189.96
189.96
189.96
144.039
181.494
188.392
189.646
189.895
189.946
189.957
189.96
189.96
189.96
142.444
181.184
188.35
189.64
189.894
189.946
189.957
189.96
189.96
189.96
141.255
180.92
188.313
189.635
189.893
189.946
189.957
189.96
189.96
189.96
140.42
180.701
188.282
189.63
189.892
189.946
189.957
189.96
189.96
189.96
139.919
180.528
188.256
189.626
189.892
189.946
189.957
189.96
189.96
189.96
139.709
180.4
188.237
189.624
189.891
189.946
189.957
189.96
189.96
189.96
139.696
180.316
188.225
189.622
189.891
189.946
189.957
189.96
189.96
189.96
139.751
180.274
188.218
189.621
189.891
189.946
189.957
189.96
189.96
189.96
184.356
220.544
228.113
229.574
229.872
229.935
229.948
229.951
229.952
229.952
181.586
220.071
228.049
229.565
229.871
229.935
229.948
229.951
229.952
229.952
179.378
219.648
227.99
229.556
229.869
229.934
229.948
229.951
229.952
229.952
177.714
219.278
227.938
229.549
229.868
229.934
229.948
229.951
229.952
229.952
176.546
218.963
227.892
229.542
229.867
229.934
229.948
229.951
229.952
229.952
175.815
218.703
227.854
229.537
229.866
229.934
229.948
229.951
229.952
229.952
175.445
218.497
227.822
229.532
229.866
229.934
229.948
229.951
229.952
229.952
175.345
218.345
227.799
229.529
229.865
229.934
229.948
229.951
229.952
229.952
175.394
218.245
227.783
229.526
229.865
229.934
229.948
229.951
229.952
229.952
175.467
218.195
227.775
229.525
229.865
229.934
229.948
229.951
229.952
229.952
203.208
239.718
247.917
249.529
249.859
249.929
249.944
249.947
249.948
249.948
200.464
239.211
247.847
249.519
249.858
249.928
249.944
249.947
249.948
249.948
198.253
238.757
247.783
249.509
249.856
249.928
249.944
249.947
249.948
249.948
196.6
238.361
247.725
249.501
249.855
249.928
249.944
249.947
249.948
249.948
195.497
238.023
247.675
249.494
249.854
249.928
249.944
249.947
249.948
249.948
194.876
237.744
247.633
249.488
249.853
249.928
249.944
249.947
249.948
249.948
194.624
237.524
247.599
249.483
249.852
249.928
249.943
249.947
249.948
249.948
194.613
237.361
247.573
249.479
249.852
249.928
249.943
249.947
249.948
249.948
194.707
237.254
247.555
249.477
249.851
249.927
249.943
249.947
249.948
249.948
194.788
237.2
247.547
249.475
249.851
249.927
249.943
249.947
249.948
249.948
203.193
239.717
247.917
249.529
249.859
249.929
249.944
249.947
249.948
249.948
200.451
239.21
247.847
249.519
249.858
249.928
249.944
249.947
249.948
249.948
198.243
238.757
247.783
249.509
249.856
249.928
249.944
249.947
249.948
249.948
196.592
238.36
247.725
249.501
249.855
249.928
249.944
249.947
249.948
249.948
195.492
238.022
247.675
249.494
249.854
249.928
249.944
249.947
249.948
249.948
194.875
237.744
247.633
249.488
249.853
249.928
249.944
249.947
249.948
249.948
194.626
237.524
247.599
249.483
249.852
249.928
249.943
249.947
249.948
249.948
194.618
237.361
247.573
249.479
249.852
249.928
249.943
249.947
249.948
249.948
194.715
237.254
247.555
249.477
249.851
249.927
249.943
249.947
249.948
249.948
194.798
237.201
247.547
249.475
249.851
249.927
249.943
249.947
249.948
249.948
184.317
220.542
228.112
229.574
229.872
229.935
229.948
229.951
229.952
229.952
181.55
220.069
228.048
229.565
229.871
229.935
229.948
229.951
229.952
229.952
179.35
219.647
227.99
229.556
229.869
229.934
229.948
229.951
229.952
229.952
177.693
219.277
227.938
229.549
229.868
229.934
229.948
229.951
229.952
229.952
176.534
218.962
227.892
229.542
229.867
229.934
229.948
229.951
229.952
229.952
175.811
218.702
227.854
229.537
229.866
229.934
229.948
229.951
229.952
229.952
175.45
218.497
227.822
229.532
229.866
229.934
229.948
229.951
229.952
229.952
175.358
218.345
227.799
229.529
229.865
229.934
229.948
229.951
229.952
229.952
175.415
218.246
227.783
229.526
229.865
229.934
229.948
229.951
229.952
229.952
175.49
218.196
227.775
229.525
229.865
229.934
229.948
229.951
229.952
229.952
148.769
182.243
188.49
189.66
189.897
189.947
189.957
189.96
189.96
189.96
146.094
181.847
188.439
189.652
189.896
189.947
189.957
189.96
189.96
189.96
144.003
181.492
188.392
189.646
189.895
189.946
189.957
189.96
189.96
189.96
142.418
181.182
188.349
189.64
189.894
189.946
189.957
189.96
189.96
189.96
141.239
180.918
188.313
189.635
189.893
189.946
189.957
189.96
189.96
189.96
140.414
180.7
188.282
189.63
189.892
189.946
189.957
189.96
189.96
189.96
139.924
180.527
188.257
189.627
189.892
189.946
189.957
189.96
189.96
189.96
139.724
180.4
188.238
189.624
189.891
189.946
189.957
189.96
189.96
189.96
139.718
180.316
188.225
189.622
189.891
189.946
189.957
189.96
189.96
189.96
139.775
180.275
188.218
189.621
189.891
189.946
189.957
189.96
189.96
189.96
99.5036
124.836
129.022
129.78
129.932
129.964
129.971
129.972
129.973
129.973
97.3221
124.565
128.988
129.775
129.931
129.964
129.971
129.972
129.973
129.973
95.646
124.324
128.958
129.771
129.931
129.964
129.971
129.972
129.973
129.973
94.3738
124.112
128.93
129.767
129.93
129.964
129.971
129.972
129.973
129.973
93.3905
123.932
128.906
129.763
129.93
129.964
129.971
129.972
129.973
129.973
92.6543
123.782
128.886
129.76
129.929
129.964
129.971
129.972
129.973
129.973
92.1746
123.664
128.869
129.758
129.929
129.964
129.971
129.972
129.973
129.973
91.9432
123.577
128.857
129.756
129.929
129.964
129.971
129.972
129.973
129.973
91.8972
123.52
128.849
129.755
129.928
129.964
129.971
129.972
129.973
129.973
91.9291
123.492
128.845
129.755
129.928
129.963
129.971
129.972
129.973
129.973
37.7401
48.1677
49.6602
49.9229
49.9755
49.9865
49.9889
49.9894
49.9895
49.9896
36.7636
48.0699
49.6485
49.9213
49.9753
49.9865
49.9889
49.9894
49.9895
49.9896
36.0388
47.9823
49.6378
49.9198
49.975
49.9865
49.9889
49.9894
49.9895
49.9896
35.4965
47.9058
49.6282
49.9184
49.9748
49.9864
49.9889
49.9894
49.9895
49.9896
35.0756
47.8405
49.6199
49.9173
49.9747
49.9864
49.9889
49.9894
49.9895
49.9896
34.7545
47.7866
49.6128
49.9163
49.9745
49.9864
49.9889
49.9894
49.9895
49.9896
34.538
47.7441
49.6071
49.9155
49.9744
49.9864
49.9889
49.9894
49.9895
49.9896
34.4265
47.7127
49.6028
49.9149
49.9743
49.9863
49.9889
49.9894
49.9895
49.9896
34.3973
47.6921
49.5999
49.9145
49.9743
49.9863
49.9889
49.9894
49.9895
49.9896
34.4062
47.6819
49.5984
49.9143
49.9742
49.9863
49.9889
49.9894
49.9895
49.9896
)
;

boundaryField
{
    strip0
    {
        type            fixedValue;
        value           uniform 1;
    }
    strip1
    {
        type            fixedValue;
        value           uniform -1;
    }
    back1
    {
        type            fixedValue;
        value           uniform 0;
    }
    back2
    {
        type            fixedValue;
        value           uniform 0;
    }
    back3
    {
        type            fixedValue;
        value           uniform 0;
    }
    back4
    {
        type            fixedValue;
        value           uniform 0;
    }
    back6
    {
        type            fixedValue;
        value           uniform 0;
    }
    back7
    {
        type            fixedValue;
        value           uniform 0;
    }
    back8
    {
        type            fixedValue;
        value           uniform 0;
    }
    back9
    {
        type            fixedValue;
        value           uniform 0;
    }
    front1
    {
        type            fixedValue;
        value           uniform 0;
    }
    front2
    {
        type            fixedValue;
        value           uniform 0;
    }
    front3
    {
        type            fixedValue;
        value           uniform 0;
    }
    front4
    {
        type            fixedValue;
        value           uniform 0;
    }
    front6
    {
        type            fixedValue;
        value           uniform 0;
    }
    front7
    {
        type            fixedValue;
        value           uniform 0;
    }
    front8
    {
        type            fixedValue;
        value           uniform 0;
    }
    front9
    {
        type            fixedValue;
        value           uniform 0;
    }
    defaultFaces
    {
        type            empty;
    }
}


// ************************************************************************* //
