/*--------------------------------*- C++ -*----------------------------------*\
  =========                 |
  \\      /  F ield         | OpenFOAM: The Open Source CFD Toolbox
   \\    /   O peration     | Website:  https://openfoam.org
    \\  /    A nd           | Version:  dev
     \\/     M anipulation  |
\*---------------------------------------------------------------------------*/
FoamFile
{
    version     2.0;
    format      ascii;
    class       volScalarField;
    location    "0.005";
    object      phi;
}
// * * * * * * * * * * * * * * * * * * * * * * * * * * * * * * * * * * * * * //

dimensions      [1 2 -3 0 0 -1 0];

internalField   nonuniform List<scalar> 
9000
(
49.9949
49.9949
49.9949
49.995
49.9951
49.9952
49.9953
49.9954
49.9954
49.9955
49.9951
49.9951
49.9951
49.9952
49.9954
49.9955
49.9956
49.9957
49.9958
49.9959
49.9955
49.9955
49.9956
49.9957
49.9959
49.9961
49.9963
49.9965
49.9966
49.9968
49.9961
49.9962
49.9963
49.9965
49.9967
49.997
49.9974
49.9977
49.998
49.9982
49.9969
49.997
49.9972
49.9976
49.9979
49.9984
49.999
49.9995
50.0001
50.0005
49.9981
49.9982
49.9985
49.999
49.9996
50.0003
50.0012
50.0022
50.0031
50.004
49.9994
49.9997
50.0001
50.0008
50.0018
50.0029
50.0043
50.0059
50.0076
50.0092
50.0011
50.0014
50.0021
50.0031
50.0045
50.0063
50.0086
50.0112
50.0141
50.0171
50.0031
50.0036
50.0045
50.006
50.008
50.0108
50.0143
50.0186
50.0236
50.029
50.0054
50.006
50.0073
50.0093
50.0123
50.0163
50.0217
50.0285
50.0371
50.0471
129.986
129.986
129.986
129.986
129.986
129.986
129.986
129.986
129.986
129.986
129.986
129.986
129.986
129.986
129.987
129.987
129.987
129.987
129.987
129.987
129.987
129.987
129.987
129.987
129.988
129.988
129.988
129.988
129.988
129.988
129.988
129.988
129.988
129.989
129.989
129.989
129.99
129.99
129.99
129.99
129.99
129.99
129.99
129.991
129.991
129.992
129.992
129.993
129.993
129.994
129.992
129.992
129.993
129.993
129.994
129.995
129.996
129.996
129.997
129.998
129.995
129.995
129.996
129.996
129.997
129.998
130
130.001
130.002
130.003
129.998
129.998
129.999
130
130.001
130.003
130.005
130.007
130.009
130.011
130.001
130.002
130.003
130.004
130.006
130.009
130.011
130.014
130.017
130.02
130.005
130.006
130.007
130.009
130.012
130.015
130.019
130.023
130.027
130.031
189.975
189.975
189.975
189.975
189.975
189.975
189.975
189.975
189.975
189.975
189.975
189.975
189.975
189.975
189.976
189.976
189.976
189.976
189.976
189.975
189.976
189.976
189.976
189.976
189.976
189.977
189.977
189.977
189.977
189.977
189.977
189.977
189.977
189.978
189.978
189.978
189.978
189.978
189.978
189.978
189.979
189.979
189.979
189.979
189.98
189.98
189.98
189.98
189.98
189.98
189.981
189.981
189.981
189.982
189.982
189.982
189.983
189.983
189.983
189.983
189.983
189.983
189.984
189.984
189.985
189.985
189.986
189.986
189.987
189.987
189.986
189.986
189.987
189.987
189.988
189.989
189.99
189.99
189.991
189.991
189.989
189.99
189.99
189.991
189.992
189.993
189.994
189.995
189.996
189.997
189.993
189.993
189.994
189.995
189.996
189.997
189.999
190
190.002
190.003
229.963
229.963
229.963
229.963
229.963
229.963
229.963
229.963
229.963
229.963
229.963
229.963
229.963
229.963
229.963
229.963
229.963
229.963
229.963
229.963
229.964
229.964
229.964
229.964
229.964
229.964
229.964
229.964
229.964
229.964
229.965
229.965
229.965
229.965
229.965
229.965
229.965
229.965
229.965
229.965
229.966
229.966
229.966
229.966
229.966
229.966
229.966
229.966
229.966
229.966
229.967
229.967
229.967
229.967
229.967
229.967
229.967
229.968
229.968
229.967
229.968
229.969
229.969
229.969
229.969
229.969
229.969
229.969
229.969
229.969
229.97
229.97
229.97
229.971
229.971
229.971
229.971
229.972
229.972
229.972
229.972
229.972
229.973
229.973
229.973
229.973
229.974
229.974
229.974
229.974
229.975
229.975
229.975
229.975
229.976
229.976
229.976
229.977
229.977
229.977
249.952
249.952
249.952
249.952
249.952
249.952
249.952
249.952
249.952
249.952
249.952
249.952
249.952
249.952
249.952
249.952
249.952
249.952
249.952
249.952
249.952
249.952
249.952
249.952
249.952
249.952
249.952
249.952
249.952
249.952
249.952
249.952
249.952
249.952
249.952
249.952
249.952
249.952
249.952
249.952
249.953
249.953
249.953
249.953
249.953
249.953
249.953
249.953
249.953
249.953
249.953
249.953
249.953
249.953
249.953
249.953
249.953
249.953
249.953
249.953
249.954
249.954
249.954
249.954
249.954
249.954
249.954
249.954
249.954
249.954
249.954
249.954
249.954
249.954
249.954
249.955
249.955
249.955
249.955
249.955
249.955
249.955
249.955
249.955
249.955
249.955
249.955
249.955
249.955
249.955
249.956
249.956
249.956
249.956
249.956
249.956
249.956
249.956
249.956
249.957
249.944
249.944
249.944
249.944
249.944
249.944
249.944
249.944
249.944
249.944
249.944
249.944
249.944
249.944
249.944
249.944
249.944
249.944
249.944
249.944
249.944
249.944
249.944
249.944
249.944
249.944
249.944
249.944
249.944
249.944
249.943
249.943
249.943
249.943
249.943
249.943
249.943
249.943
249.943
249.943
249.943
249.943
249.943
249.943
249.943
249.943
249.943
249.943
249.943
249.943
249.943
249.942
249.942
249.942
249.942
249.942
249.942
249.942
249.942
249.942
249.942
249.942
249.942
249.942
249.942
249.942
249.942
249.942
249.942
249.942
249.941
249.941
249.941
249.941
249.941
249.941
249.941
249.941
249.941
249.941
249.941
249.941
249.941
249.941
249.941
249.94
249.94
249.94
249.94
249.94
249.94
249.94
249.94
249.94
249.94
249.94
249.939
249.939
249.939
249.939
229.941
229.941
229.941
229.941
229.941
229.941
229.941
229.941
229.941
229.941
229.941
229.941
229.941
229.941
229.941
229.941
229.941
229.941
229.941
229.941
229.94
229.94
229.94
229.94
229.94
229.94
229.94
229.94
229.94
229.94
229.939
229.939
229.939
229.939
229.939
229.939
229.939
229.939
229.939
229.94
229.938
229.938
229.938
229.938
229.938
229.938
229.938
229.938
229.938
229.938
229.937
229.937
229.937
229.937
229.937
229.937
229.937
229.937
229.937
229.937
229.936
229.936
229.935
229.935
229.935
229.935
229.935
229.935
229.935
229.935
229.934
229.934
229.934
229.933
229.933
229.933
229.933
229.932
229.932
229.932
229.932
229.932
229.932
229.931
229.931
229.931
229.93
229.93
229.93
229.93
229.929
229.929
229.929
229.929
229.929
229.928
229.928
229.927
229.927
229.927
189.946
189.946
189.946
189.946
189.946
189.946
189.946
189.946
189.946
189.946
189.945
189.945
189.945
189.945
189.945
189.945
189.945
189.945
189.945
189.945
189.945
189.945
189.945
189.944
189.944
189.944
189.944
189.944
189.944
189.944
189.943
189.943
189.943
189.943
189.943
189.943
189.943
189.943
189.943
189.943
189.942
189.942
189.942
189.941
189.941
189.941
189.941
189.94
189.94
189.94
189.94
189.94
189.94
189.939
189.939
189.938
189.938
189.938
189.937
189.937
189.937
189.937
189.937
189.937
189.936
189.936
189.935
189.934
189.934
189.934
189.935
189.934
189.934
189.933
189.933
189.932
189.931
189.93
189.93
189.929
189.931
189.931
189.931
189.93
189.929
189.928
189.927
189.926
189.925
189.924
189.928
189.928
189.927
189.926
189.925
189.923
189.922
189.92
189.919
189.918
129.96
129.96
129.96
129.96
129.96
129.96
129.959
129.959
129.959
129.959
129.96
129.96
129.959
129.959
129.959
129.959
129.959
129.959
129.959
129.959
129.959
129.959
129.959
129.958
129.958
129.958
129.958
129.958
129.957
129.957
129.958
129.957
129.957
129.957
129.957
129.956
129.956
129.956
129.955
129.955
129.956
129.956
129.955
129.955
129.955
129.954
129.954
129.953
129.953
129.952
129.954
129.953
129.953
129.953
129.952
129.951
129.95
129.949
129.949
129.948
129.951
129.951
129.95
129.949
129.949
129.947
129.946
129.945
129.944
129.942
129.948
129.948
129.947
129.946
129.944
129.943
129.941
129.939
129.937
129.935
129.944
129.944
129.943
129.941
129.94
129.937
129.935
129.932
129.929
129.926
129.94
129.94
129.938
129.936
129.934
129.931
129.927
129.923
129.919
129.915
49.9843
49.9843
49.9842
49.9841
49.984
49.9839
49.9838
49.9838
49.9837
49.9837
49.9841
49.9841
49.984
49.9839
49.9838
49.9837
49.9835
49.9834
49.9833
49.9833
49.9837
49.9836
49.9835
49.9834
49.9833
49.9831
49.9829
49.9827
49.9825
49.9824
49.9831
49.983
49.9829
49.9827
49.9824
49.9821
49.9818
49.9815
49.9811
49.9809
49.9822
49.9821
49.9819
49.9816
49.9812
49.9807
49.9802
49.9796
49.9791
49.9786
49.9811
49.9809
49.9806
49.9802
49.9796
49.9788
49.9779
49.977
49.976
49.9751
49.9797
49.9795
49.979
49.9783
49.9774
49.9762
49.9748
49.9732
49.9716
49.9699
49.978
49.9777
49.977
49.976
49.9746
49.9728
49.9706
49.9679
49.965
49.9621
49.9761
49.9756
49.9746
49.9732
49.9711
49.9684
49.9649
49.9606
49.9556
49.9501
49.9738
49.9732
49.9718
49.9698
49.9668
49.9628
49.9575
49.9506
49.9421
49.932
50.028
50.0304
50.0356
50.0441
50.057
50.076
50.1035
50.1433
50.2011
50.2854
50.0327
50.0353
50.0408
50.0498
50.0633
50.083
50.1114
50.1524
50.2115
50.2972
50.0332
50.0359
50.0415
50.0506
50.0642
50.084
50.1125
50.1536
50.2129
50.299
50.032
50.0342
50.0394
50.0481
50.0613
50.0808
50.1089
50.1494
50.2079
50.2929
50.0326
50.0355
50.0412
50.0503
50.0641
50.084
50.1127
50.1539
50.2135
50.2998
50.0283
50.0307
50.0361
50.0449
50.0583
50.0779
50.1061
50.1468
50.2056
50.291
50.0174
50.0201
50.0255
50.0344
50.0478
50.0673
50.0956
50.1363
50.1952
50.2808
49.9848
49.9869
49.9917
49.9997
50.012
50.0303
50.0569
50.0958
50.1526
50.2358
49.9514
49.9522
49.9539
49.957
49.9627
49.9727
49.9894
50.0168
50.0606
50.1294
50.3721
50.3616
50.3407
50.3093
50.2674
50.2154
50.1543
50.0859
50.0143
49.9463
130.046
130.048
130.053
130.06
130.07
130.082
130.098
130.116
130.136
130.157
130.054
130.056
130.061
130.069
130.079
130.092
130.107
130.126
130.147
130.168
130.054
130.056
130.06
130.067
130.077
130.09
130.105
130.123
130.144
130.165
130.059
130.063
130.068
130.076
130.087
130.101
130.118
130.137
130.159
130.182
130.048
130.05
130.054
130.061
130.07
130.083
130.098
130.115
130.135
130.156
130.045
130.048
130.053
130.061
130.071
130.084
130.1
130.119
130.141
130.163
130.009
130.012
130.016
130.023
130.033
130.045
130.06
130.078
130.098
130.119
129.919
129.921
129.925
129.93
129.937
129.947
129.958
129.972
129.988
130.004
129.823
129.819
129.812
129.803
129.79
129.774
129.756
129.736
129.711
129.683
131.202
131.175
131.119
131.035
130.919
130.77
130.586
130.362
130.095
129.776
190.026
190.027
190.029
190.032
190.036
190.04
190.046
190.051
190.057
190.062
190.039
190.04
190.042
190.046
190.05
190.056
190.061
190.068
190.074
190.079
190.042
190.044
190.047
190.051
190.055
190.061
190.067
190.074
190.081
190.087
190.028
190.028
190.029
190.032
190.035
190.039
190.044
190.049
190.053
190.057
190.042
190.045
190.048
190.052
190.057
190.063
190.07
190.077
190.085
190.092
190.015
190.015
190.017
190.02
190.024
190.029
190.034
190.04
190.045
190.049
189.969
189.971
189.973
189.976
189.98
189.985
189.99
189.995
190
190.004
189.82
189.819
189.818
189.818
189.817
189.816
189.814
189.811
189.807
189.801
189.706
189.7
189.686
189.665
189.636
189.6
189.556
189.504
189.444
189.375
192.13
192.094
192.02
191.908
191.755
191.557
191.309
191.007
190.643
190.207
229.998
229.999
230
230.001
230.002
230.004
230.006
230.008
230.01
230.011
230.001
230.001
230.002
230.003
230.005
230.006
230.008
230.009
230.011
230.011
229.997
229.997
229.997
229.998
229.999
230
230.001
230.002
230.003
230.003
230.016
230.018
230.02
230.022
230.024
230.027
230.03
230.033
230.036
230.039
229.985
229.983
229.983
229.984
229.984
229.985
229.985
229.986
229.986
229.985
229.985
229.986
229.987
229.989
229.99
229.992
229.994
229.997
229.998
230
229.912
229.912
229.912
229.913
229.913
229.914
229.914
229.914
229.914
229.913
229.74
229.74
229.738
229.735
229.731
229.726
229.719
229.711
229.702
229.691
229.59
229.579
229.558
229.527
229.487
229.436
229.374
229.302
229.22
229.127
232.982
232.944
232.865
232.743
232.575
232.357
232.083
231.745
231.334
230.841
249.96
249.96
249.96
249.96
249.96
249.96
249.961
249.961
249.961
249.96
249.968
249.968
249.968
249.968
249.969
249.969
249.97
249.97
249.97
249.971
249.973
249.974
249.974
249.975
249.976
249.977
249.978
249.979
249.98
249.981
249.947
249.946
249.945
249.944
249.943
249.943
249.942
249.941
249.94
249.938
249.975
249.976
249.977
249.979
249.98
249.981
249.982
249.984
249.985
249.987
249.931
249.93
249.93
249.93
249.93
249.93
249.929
249.929
249.928
249.927
249.87
249.87
249.87
249.87
249.87
249.869
249.868
249.868
249.866
249.865
249.661
249.658
249.654
249.649
249.642
249.634
249.624
249.612
249.599
249.584
249.543
249.533
249.511
249.478
249.433
249.377
249.31
249.232
249.142
249.041
253.458
253.417
253.335
253.209
253.034
252.806
252.519
252.163
251.73
251.207
249.936
249.936
249.936
249.936
249.936
249.935
249.935
249.935
249.935
249.935
249.928
249.928
249.927
249.927
249.927
249.926
249.926
249.925
249.925
249.925
249.921
249.92
249.92
249.919
249.918
249.918
249.917
249.916
249.915
249.914
249.946
249.948
249.949
249.949
249.95
249.95
249.951
249.951
249.953
249.954
249.905
249.904
249.903
249.902
249.901
249.9
249.899
249.897
249.896
249.894
249.91
249.911
249.911
249.911
249.911
249.91
249.91
249.91
249.91
249.911
249.828
249.827
249.826
249.825
249.824
249.822
249.821
249.819
249.816
249.814
249.64
249.639
249.636
249.631
249.624
249.616
249.606
249.595
249.583
249.569
249.483
249.471
249.447
249.413
249.366
249.309
249.239
249.159
249.066
248.963
253.444
253.405
253.323
253.197
253.022
252.794
252.507
252.152
251.719
251.197
229.905
229.905
229.904
229.903
229.901
229.899
229.898
229.896
229.894
229.893
229.903
229.903
229.902
229.901
229.899
229.898
229.896
229.895
229.893
229.892
229.908
229.908
229.908
229.907
229.906
229.904
229.903
229.902
229.901
229.9
229.881
229.879
229.877
229.876
229.874
229.872
229.869
229.867
229.864
229.862
229.911
229.911
229.911
229.91
229.909
229.908
229.907
229.906
229.906
229.906
229.868
229.867
229.866
229.864
229.862
229.86
229.858
229.856
229.854
229.853
229.814
229.814
229.813
229.811
229.809
229.807
229.804
229.801
229.798
229.796
229.623
229.62
229.616
229.61
229.602
229.593
229.582
229.57
229.556
229.542
229.509
229.499
229.478
229.446
229.404
229.35
229.287
229.213
229.13
229.036
232.882
232.841
232.76
232.635
232.464
232.241
231.963
231.62
231.206
230.708
189.896
189.895
189.893
189.89
189.886
189.881
189.875
189.87
189.864
189.859
189.881
189.88
189.878
189.874
189.87
189.865
189.859
189.853
189.847
189.842
189.875
189.873
189.871
189.867
189.863
189.857
189.851
189.845
189.839
189.833
189.897
189.896
189.894
189.891
189.887
189.882
189.876
189.871
189.865
189.861
189.862
189.86
189.858
189.854
189.85
189.844
189.838
189.832
189.825
189.819
189.869
189.868
189.866
189.863
189.858
189.853
189.847
189.841
189.835
189.83
189.809
189.807
189.804
189.8
189.795
189.789
189.783
189.775
189.768
189.761
189.674
189.672
189.668
189.661
189.652
189.641
189.628
189.614
189.599
189.584
189.535
189.525
189.505
189.477
189.439
189.391
189.334
189.269
189.196
189.115
192.009
191.971
191.894
191.776
191.614
191.407
191.149
190.835
190.46
190.013
129.899
129.897
129.892
129.885
129.875
129.863
129.848
129.83
129.81
129.788
129.892
129.89
129.885
129.878
129.867
129.854
129.839
129.82
129.799
129.777
129.895
129.893
129.888
129.88
129.87
129.857
129.842
129.823
129.802
129.781
129.878
129.875
129.87
129.863
129.853
129.84
129.824
129.805
129.784
129.762
129.898
129.895
129.89
129.883
129.873
129.859
129.844
129.825
129.804
129.783
129.873
129.87
129.865
129.858
129.848
129.835
129.819
129.8
129.779
129.757
129.847
129.844
129.839
129.831
129.821
129.807
129.791
129.772
129.75
129.727
129.747
129.743
129.737
129.727
129.714
129.697
129.676
129.652
129.626
129.597
129.67
129.662
129.646
129.622
129.589
129.549
129.499
129.442
129.377
129.306
131.053
131.02
130.955
130.856
130.72
130.546
130.331
130.071
129.761
129.398
49.9518
49.9493
49.9441
49.9355
49.9225
49.9034
49.8759
49.836
49.7782
49.6938
49.9459
49.9434
49.938
49.9291
49.9156
49.8959
49.8675
49.8267
49.7676
49.6819
49.944
49.9415
49.9361
49.9273
49.9138
49.8941
49.8657
49.8248
49.7657
49.6799
49.9505
49.9478
49.9421
49.933
49.9194
49.8997
49.8712
49.8304
49.7714
49.6857
49.9407
49.9382
49.933
49.9242
49.9108
49.8912
49.8628
49.8219
49.7628
49.677
49.9437
49.941
49.9355
49.9265
49.9129
49.8932
49.8647
49.8238
49.7647
49.679
49.9297
49.9271
49.9216
49.9126
49.8989
49.8791
49.8505
49.8093
49.75
49.664
49.9003
49.8974
49.8914
49.8815
49.8669
49.8459
49.8159
49.7732
49.7121
49.6242
49.8618
49.8573
49.848
49.8333
49.8119
49.7824
49.7421
49.6875
49.6128
49.5096
50.2986
50.2831
50.2518
50.2032
50.1353
50.0453
49.9289
49.7808
49.5934
49.3566
51.9436
51.895
51.7918
51.6207
51.3608
50.9811
50.4395
49.6827
48.6514
47.3034
52.1111
52.0581
51.9449
51.7561
51.4659
51.0352
50.4062
49.4944
48.1733
46.2446
52.2699
52.2128
52.0903
51.8844
51.5645
51.0831
50.3674
49.3053
47.7199
45.3206
52.4197
52.3595
52.2301
52.0117
51.6708
51.1549
50.3841
49.2368
47.5274
44.9708
52.559
52.4973
52.3647
52.1405
51.7904
51.2613
50.4731
49.3071
47.5882
45.0601
52.6853
52.6238
52.4913
52.2678
51.9194
51.3948
50.6177
49.4768
47.8108
45.3878
52.7948
52.7345
52.6048
52.3862
52.0467
51.5375
50.7871
49.6916
48.101
45.7988
52.8827
52.8242
52.6983
52.4866
52.1586
51.6685
50.9491
49.9027
48.3873
46.1949
52.9444
52.8875
52.7651
52.5596
52.242
51.7688
51.0763
50.0721
48.6211
46.5233
52.9763
52.9202
52.7999
52.5981
52.2867
51.8238
51.1479
50.1704
48.764
46.7476
136.82
136.79
136.727
136.626
136.478
136.282
136.05
135.838
135.801
136.345
137.417
137.385
137.317
137.203
137.029
136.775
136.424
135.953
135.335
134.49
137.978
137.944
137.87
137.742
137.535
137.215
136.731
135.999
134.874
133.067
138.501
138.467
138.39
138.255
138.031
137.676
137.126
136.283
134.995
133.02
138.98
138.948
138.875
138.745
138.529
138.183
137.648
136.841
135.647
133.913
139.406
139.379
139.317
139.204
139.014
138.712
138.248
137.562
136.578
135.212
139.769
139.749
139.701
139.611
139.459
139.216
138.845
138.306
137.547
136.523
140.056
140.042
140.008
139.943
139.829
139.644
139.363
138.955
138.385
137.618
140.255
140.247
140.224
140.178
140.094
139.956
139.744
139.434
138.999
138.406
140.357
140.352
140.335
140.3
140.234
140.122
139.949
139.695
139.341
138.872
202.617
202.685
202.822
203.028
203.312
203.689
204.194
204.911
206.027
207.973
203.733
203.811
203.968
204.201
204.514
204.907
205.391
205.98
206.683
207.457
204.784
204.873
205.049
205.308
205.645
206.052
206.512
206.989
207.397
207.528
205.76
205.86
206.058
206.35
206.727
207.177
207.679
208.191
208.638
208.874
206.645
206.759
206.984
207.318
207.755
208.288
208.905
209.588
210.309
211.024
207.425
207.553
207.808
208.191
208.7
209.339
210.112
211.028
212.105
213.376
208.079
208.221
208.506
208.937
209.52
210.265
211.193
212.333
213.73
215.455
208.589
208.744
209.054
209.527
210.171
211.007
212.061
213.374
214.998
217.004
208.939
209.103
209.432
209.934
210.624
211.523
212.664
214.086
215.838
217.968
209.117
209.285
209.624
210.143
210.858
211.792
212.978
214.454
216.26
218.438
247.814
247.976
248.302
248.794
249.457
250.3
251.342
252.623
254.228
256.359
249.402
249.588
249.961
250.523
251.277
252.23
253.387
254.756
256.326
258.031
250.903
251.114
251.536
252.173
253.027
254.103
255.403
256.922
258.623
260.403
252.295
252.532
253.007
253.724
254.691
255.915
257.407
259.175
261.212
263.486
253.555
253.818
254.347
255.149
256.237
257.63
259.354
261.444
263.941
266.895
254.657
254.945
255.525
256.409
257.616
259.177
261.135
263.552
266.51
270.119
255.574
255.884
256.509
257.464
258.775
260.481
262.638
265.323
268.638
272.718
256.285
256.611
257.271
258.281
259.671
261.486
263.785
266.648
270.172
274.477
256.769
257.107
257.79
258.837
260.28
262.164
264.548
267.502
271.101
275.413
257.014
257.357
258.052
259.119
260.59
262.51
264.934
267.921
271.519
275.75
270.851
271.066
271.495
272.139
272.999
274.072
275.357
276.848
278.542
280.446
272.715
272.962
273.454
274.195
275.186
276.426
277.915
279.643
281.574
283.61
274.483
274.763
275.325
276.172
277.311
278.749
280.496
282.558
284.928
287.568
276.124
276.439
277.073
278.033
279.332
280.989
283.03
285.489
288.404
291.812
277.608
277.958
278.662
279.735
281.195
283.077
285.425
288.304
291.798
296.01
278.902
279.283
280.053
281.227
282.836
284.924
287.554
290.815
294.824
299.735
279.977
280.384
281.207
282.466
284.196
286.45
289.301
292.85
297.225
302.594
280.805
281.232
282.095
283.417
285.235
287.605
290.602
294.323
298.881
304.416
281.369
281.808
282.697
284.059
285.932
288.372
291.448
295.24
299.826
305.278
281.653
282.098
283
284.383
286.285
288.759
291.869
295.676
300.219
305.492
270.834
271.049
271.478
272.123
272.982
274.056
275.342
276.835
278.532
280.443
272.702
272.948
273.441
274.182
275.173
276.413
277.903
279.631
281.565
283.604
274.471
274.751
275.312
276.16
277.299
278.737
280.484
282.546
284.917
287.556
276.113
276.428
277.062
278.022
279.321
280.977
283.018
285.477
288.391
291.798
277.598
277.947
278.652
279.724
281.185
283.066
285.414
288.293
291.785
295.996
278.893
279.274
280.043
281.217
282.826
284.913
287.543
290.804
294.812
299.722
279.968
280.375
281.198
282.457
284.186
286.439
289.29
292.839
297.214
302.582
280.797
281.224
282.086
283.408
285.225
287.595
290.592
294.313
298.872
304.406
281.361
281.8
282.688
284.05
285.923
288.363
291.439
295.231
299.818
305.27
281.645
282.09
282.992
284.374
286.276
288.75
291.86
295.667
300.212
305.485
247.773
247.936
248.261
248.753
249.416
250.26
251.304
252.589
254.202
256.349
249.364
249.55
249.923
250.485
251.24
252.193
253.351
254.722
256.297
258.008
250.868
251.079
251.502
252.138
252.993
254.068
255.369
256.887
258.589
260.367
252.264
252.5
252.975
253.693
254.659
255.883
257.374
259.141
261.177
263.447
253.527
253.789
254.318
255.12
256.208
257.599
259.322
261.411
263.906
266.856
254.631
254.918
255.498
256.382
257.588
259.148
261.105
263.521
266.477
270.083
255.55
255.859
256.484
257.438
258.748
260.453
262.609
265.293
268.608
272.687
256.262
256.588
257.247
258.256
259.646
261.459
263.758
266.621
270.146
274.45
256.747
257.084
257.767
258.813
260.255
262.138
264.522
267.478
271.077
275.39
256.992
257.335
258.029
259.095
260.565
262.485
264.91
267.898
271.498
275.728
202.555
202.622
202.758
202.964
203.247
203.623
204.129
204.85
205.974
207.94
203.679
203.757
203.913
204.146
204.458
204.851
205.335
205.925
206.633
207.413
204.736
204.824
205
205.259
205.596
206.002
206.46
206.937
207.345
207.473
205.717
205.816
206.014
206.306
206.682
207.131
207.631
208.142
208.586
208.818
206.606
206.72
206.945
207.278
207.714
208.245
208.861
209.543
210.261
210.972
207.389
207.517
207.772
208.154
208.662
209.299
210.07
210.986
212.061
213.33
208.046
208.188
208.473
208.903
209.484
210.227
211.154
212.294
213.691
215.414
208.559
208.713
209.023
209.494
210.137
210.971
212.025
213.338
214.963
216.969
208.911
209.074
209.402
209.903
210.591
211.489
212.63
214.054
215.807
217.937
209.09
209.257
209.594
210.112
210.826
211.759
212.946
214.424
216.232
218.409
136.76
136.729
136.665
136.56
136.409
136.209
135.974
135.759
135.723
136.277
137.363
137.331
137.263
137.147
136.97
136.714
136.36
135.888
135.27
134.428
137.932
137.898
137.823
137.693
137.485
137.163
136.677
135.943
134.816
133.007
138.46
138.426
138.349
138.213
137.988
137.631
137.079
136.235
134.945
132.968
138.944
138.912
138.839
138.708
138.49
138.143
137.607
136.799
135.603
133.869
139.374
139.347
139.285
139.171
138.98
138.676
138.211
137.524
136.54
135.174
139.741
139.72
139.671
139.581
139.427
139.182
138.811
138.271
137.513
136.488
140.03
140.016
139.981
139.915
139.799
139.613
139.332
138.924
138.355
137.587
140.231
140.222
140.198
140.151
140.066
139.927
139.715
139.406
138.972
138.378
140.334
140.327
140.31
140.273
140.206
140.095
139.922
139.67
139.316
138.846
51.9139
51.8644
51.7593
51.5853
51.3209
50.9352
50.3861
49.6205
48.5803
47.2264
52.086
52.0324
51.9182
51.7276
51.4347
51.0004
50.3672
49.4512
48.127
46.1983
52.2487
52.1912
52.0681
51.8611
51.5397
51.0562
50.3383
49.2742
47.6882
45.2908
52.4015
52.3412
52.2115
51.9924
51.6505
51.1334
50.3613
49.2133
47.5044
44.9502
52.5434
52.4817
52.3488
52.1242
51.7734
51.2433
50.4543
49.2882
47.5702
45.0442
52.6719
52.6103
52.4777
52.2537
51.9047
51.3793
50.6016
49.4607
47.7955
45.3738
52.783
52.7227
52.5928
52.3737
52.0335
51.5236
50.7727
49.6774
48.0876
45.7859
52.8722
52.8136
52.6874
52.4751
52.1465
51.6557
50.936
49.89
48.3755
46.1833
52.9347
52.8777
52.7549
52.5488
52.2305
51.7568
51.0644
50.0608
48.6107
46.5129
52.9669
52.9107
52.7899
52.5875
52.2756
51.8124
51.1369
50.1603
48.7548
46.7379
49.9955
49.9954
49.9954
49.9954
49.9953
49.9953
49.9952
49.9951
49.995
49.9949
49.9959
49.9959
49.9959
49.9958
49.9958
49.9957
49.9956
49.9955
49.9954
49.9953
49.9968
49.9968
49.9968
49.9968
49.9967
49.9967
49.9966
49.9965
49.9963
49.9962
49.9984
49.9984
49.9984
49.9984
49.9984
49.9983
49.9982
49.9981
49.9979
49.9978
50.0008
50.0009
50.001
50.001
50.001
50.001
50.0009
50.0007
50.0005
50.0003
50.0045
50.0048
50.005
50.0051
50.0052
50.0051
50.005
50.0049
50.0046
50.0042
50.0102
50.0107
50.0112
50.0115
50.0117
50.0117
50.0117
50.0114
50.0111
50.0105
50.019
50.02
50.0209
50.0216
50.0221
50.0223
50.0223
50.022
50.0215
50.0207
50.0327
50.0347
50.0365
50.0379
50.0389
50.0396
50.0397
50.0394
50.0387
50.0375
50.0546
50.0587
50.0622
50.065
50.0672
50.0685
50.069
50.0688
50.0677
50.0658
129.986
129.986
129.986
129.986
129.986
129.986
129.985
129.985
129.985
129.985
129.987
129.987
129.987
129.987
129.986
129.986
129.986
129.986
129.986
129.985
129.988
129.988
129.988
129.988
129.988
129.988
129.987
129.987
129.987
129.987
129.99
129.99
129.99
129.99
129.99
129.99
129.99
129.989
129.989
129.989
129.994
129.994
129.994
129.994
129.993
129.993
129.993
129.993
129.992
129.992
129.998
129.998
129.998
129.998
129.998
129.998
129.997
129.997
129.997
129.996
130.004
130.004
130.004
130.004
130.004
130.004
130.004
130.003
130.003
130.002
130.011
130.012
130.012
130.012
130.012
130.012
130.012
130.011
130.01
130.01
130.021
130.022
130.023
130.023
130.023
130.023
130.023
130.022
130.021
130.02
130.033
130.035
130.036
130.036
130.037
130.037
130.036
130.036
130.035
130.033
189.975
189.975
189.975
189.974
189.974
189.974
189.974
189.974
189.973
189.973
189.975
189.975
189.975
189.975
189.975
189.975
189.974
189.974
189.974
189.974
189.976
189.976
189.976
189.976
189.976
189.976
189.975
189.975
189.975
189.975
189.978
189.978
189.978
189.978
189.977
189.977
189.977
189.977
189.976
189.976
189.98
189.98
189.98
189.98
189.98
189.98
189.979
189.979
189.979
189.978
189.983
189.983
189.983
189.983
189.983
189.982
189.982
189.982
189.981
189.981
189.987
189.987
189.987
189.987
189.987
189.986
189.986
189.985
189.985
189.984
189.992
189.992
189.992
189.991
189.991
189.991
189.991
189.99
189.989
189.989
189.997
189.997
189.997
189.997
189.997
189.996
189.996
189.995
189.995
189.994
190.004
190.004
190.004
190.004
190.004
190.003
190.003
190.002
190.001
190
229.963
229.962
229.962
229.962
229.962
229.962
229.962
229.962
229.961
229.961
229.963
229.963
229.963
229.963
229.962
229.962
229.962
229.962
229.962
229.962
229.963
229.963
229.963
229.963
229.963
229.963
229.963
229.963
229.962
229.962
229.964
229.964
229.964
229.964
229.964
229.964
229.964
229.963
229.963
229.963
229.966
229.966
229.965
229.965
229.965
229.965
229.965
229.965
229.964
229.964
229.967
229.967
229.967
229.967
229.967
229.967
229.966
229.966
229.966
229.966
229.969
229.969
229.969
229.969
229.969
229.969
229.968
229.968
229.968
229.967
229.972
229.971
229.971
229.971
229.971
229.971
229.97
229.97
229.97
229.969
229.974
229.974
229.974
229.974
229.974
229.974
229.973
229.973
229.973
229.972
229.977
229.977
229.977
229.976
229.976
229.976
229.976
229.975
229.975
229.974
249.952
249.952
249.952
249.952
249.951
249.951
249.951
249.951
249.951
249.951
249.952
249.952
249.952
249.952
249.952
249.952
249.951
249.951
249.951
249.951
249.952
249.952
249.952
249.952
249.952
249.952
249.952
249.952
249.952
249.951
249.952
249.952
249.952
249.952
249.952
249.952
249.952
249.952
249.952
249.952
249.953
249.953
249.953
249.953
249.952
249.952
249.952
249.952
249.952
249.952
249.953
249.953
249.953
249.953
249.953
249.953
249.953
249.953
249.953
249.953
249.954
249.954
249.954
249.954
249.954
249.953
249.953
249.953
249.953
249.953
249.954
249.954
249.954
249.954
249.954
249.954
249.954
249.954
249.954
249.954
249.955
249.955
249.955
249.955
249.955
249.955
249.955
249.955
249.954
249.954
249.957
249.957
249.957
249.956
249.956
249.956
249.956
249.956
249.956
249.956
249.944
249.944
249.944
249.944
249.944
249.944
249.944
249.944
249.944
249.945
249.944
249.944
249.944
249.944
249.944
249.944
249.944
249.944
249.944
249.944
249.944
249.944
249.944
249.944
249.944
249.944
249.944
249.944
249.944
249.944
249.943
249.943
249.944
249.944
249.944
249.944
249.944
249.944
249.944
249.944
249.943
249.943
249.943
249.943
249.943
249.943
249.943
249.943
249.944
249.944
249.943
249.943
249.943
249.943
249.943
249.943
249.943
249.943
249.943
249.943
249.942
249.942
249.942
249.942
249.942
249.942
249.942
249.942
249.943
249.943
249.941
249.941
249.941
249.941
249.941
249.942
249.942
249.942
249.942
249.942
249.94
249.941
249.941
249.941
249.941
249.941
249.941
249.941
249.941
249.941
249.939
249.939
249.939
249.939
249.939
249.939
249.94
249.94
249.94
249.94
229.942
229.942
229.942
229.942
229.942
229.942
229.942
229.942
229.943
229.943
229.941
229.941
229.941
229.942
229.942
229.942
229.942
229.942
229.942
229.943
229.941
229.941
229.941
229.941
229.941
229.941
229.941
229.942
229.942
229.942
229.94
229.94
229.94
229.94
229.94
229.94
229.94
229.941
229.941
229.941
229.938
229.938
229.939
229.939
229.939
229.939
229.939
229.939
229.94
229.94
229.937
229.937
229.937
229.937
229.937
229.937
229.938
229.938
229.938
229.938
229.935
229.935
229.935
229.935
229.935
229.936
229.936
229.936
229.936
229.937
229.932
229.933
229.933
229.933
229.933
229.933
229.934
229.934
229.934
229.935
229.93
229.93
229.93
229.93
229.93
229.93
229.931
229.931
229.932
229.932
229.927
229.927
229.927
229.928
229.928
229.928
229.928
229.929
229.929
229.93
189.946
189.946
189.946
189.946
189.947
189.947
189.947
189.947
189.947
189.948
189.945
189.946
189.946
189.946
189.946
189.946
189.946
189.947
189.947
189.947
189.944
189.944
189.945
189.945
189.945
189.945
189.945
189.946
189.946
189.946
189.943
189.943
189.943
189.943
189.943
189.944
189.944
189.944
189.944
189.945
189.94
189.941
189.941
189.941
189.941
189.941
189.942
189.942
189.942
189.943
189.937
189.938
189.938
189.938
189.938
189.938
189.939
189.939
189.939
189.94
189.934
189.934
189.934
189.934
189.934
189.935
189.935
189.935
189.936
189.936
189.929
189.929
189.929
189.929
189.93
189.93
189.93
189.931
189.931
189.932
189.924
189.924
189.924
189.924
189.924
189.924
189.925
189.925
189.926
189.927
189.917
189.917
189.917
189.917
189.917
189.917
189.918
189.919
189.919
189.92
129.96
129.96
129.96
129.96
129.96
129.96
129.96
129.961
129.961
129.961
129.959
129.959
129.959
129.959
129.959
129.959
129.96
129.96
129.96
129.96
129.957
129.958
129.958
129.958
129.958
129.958
129.958
129.959
129.959
129.959
129.955
129.955
129.955
129.956
129.956
129.956
129.956
129.956
129.957
129.957
129.952
129.952
129.952
129.952
129.952
129.953
129.953
129.953
129.954
129.954
129.948
129.948
129.948
129.948
129.948
129.948
129.948
129.949
129.949
129.95
129.942
129.942
129.942
129.942
129.942
129.942
129.942
129.943
129.943
129.944
129.934
129.934
129.934
129.934
129.934
129.934
129.934
129.935
129.935
129.936
129.925
129.924
129.923
129.923
129.923
129.923
129.923
129.924
129.925
129.926
129.912
129.911
129.91
129.909
129.909
129.909
129.909
129.91
129.911
129.913
49.9837
49.9837
49.9837
49.9838
49.9838
49.9839
49.984
49.9841
49.9842
49.9843
49.9833
49.9833
49.9833
49.9833
49.9834
49.9834
49.9835
49.9836
49.9837
49.9839
49.9823
49.9823
49.9823
49.9824
49.9824
49.9825
49.9826
49.9827
49.9828
49.9829
49.9808
49.9807
49.9807
49.9807
49.9808
49.9808
49.9809
49.981
49.9812
49.9814
49.9784
49.9782
49.9782
49.9781
49.9781
49.9782
49.9783
49.9784
49.9786
49.9789
49.9746
49.9744
49.9742
49.974
49.974
49.974
49.9741
49.9743
49.9746
49.9749
49.9689
49.9684
49.968
49.9677
49.9675
49.9674
49.9675
49.9677
49.9681
49.9686
49.9602
49.9591
49.9583
49.9576
49.9571
49.9568
49.9568
49.9571
49.9576
49.9584
49.9464
49.9444
49.9427
49.9412
49.9402
49.9396
49.9394
49.9397
49.9404
49.9416
49.9246
49.9205
49.917
49.9141
49.912
49.9107
49.9101
49.9104
49.9115
49.9134
50.3738
50.4168
50.4508
50.4769
50.4959
50.5082
50.5142
50.5142
50.5081
50.4957
50.3867
50.4302
50.4646
50.4911
50.5102
50.5226
50.5287
50.5285
50.5222
50.5095
50.3887
50.4322
50.4667
50.4931
50.5123
50.5247
50.5307
50.5306
50.5242
50.5114
50.3817
50.425
50.4594
50.4858
50.505
50.5174
50.5235
50.5234
50.5172
50.5047
50.3899
50.4334
50.4679
50.4944
50.5135
50.5259
50.5319
50.5317
50.5252
50.5124
50.3802
50.4235
50.4579
50.4844
50.5035
50.5159
50.522
50.5218
50.5155
50.5029
50.3701
50.4134
50.4478
50.4741
50.4931
50.5053
50.5112
50.5109
50.5044
50.4915
50.3231
50.3654
50.3987
50.424
50.442
50.4532
50.458
50.4567
50.4491
50.4352
50.2057
50.2407
50.2665
50.2839
50.2939
50.2969
50.2932
50.2832
50.2668
50.2439
49.9087
49.8719
49.8218
49.7608
49.6914
49.6158
49.5354
49.4512
49.3636
49.2724
130.172
130.179
130.186
130.191
130.194
130.196
130.196
130.195
130.191
130.186
130.183
130.19
130.197
130.202
130.206
130.207
130.207
130.206
130.202
130.196
130.179
130.186
130.193
130.198
130.201
130.203
130.203
130.202
130.198
130.193
130.198
130.206
130.213
130.218
130.221
130.223
130.222
130.22
130.216
130.21
130.169
130.177
130.183
130.188
130.192
130.194
130.194
130.192
130.189
130.184
130.178
130.185
130.192
130.197
130.2
130.202
130.202
130.2
130.196
130.19
130.132
130.14
130.146
130.15
130.153
130.155
130.154
130.152
130.148
130.142
130.014
130.018
130.022
130.023
130.023
130.022
130.018
130.012
130.005
129.995
129.658
129.642
129.623
129.603
129.58
129.555
129.527
129.497
129.464
129.43
129.503
129.326
129.133
128.925
128.707
128.481
128.248
128.011
127.772
127.529
190.064
190.065
190.066
190.067
190.067
190.066
190.066
190.064
190.062
190.06
190.082
190.083
190.084
190.085
190.085
190.084
190.083
190.081
190.079
190.076
190.09
190.092
190.093
190.093
190.093
190.092
190.091
190.089
190.086
190.083
190.058
190.059
190.06
190.061
190.061
190.061
190.06
190.059
190.057
190.055
190.096
190.097
190.098
190.098
190.098
190.097
190.095
190.093
190.09
190.086
190.051
190.052
190.053
190.054
190.054
190.053
190.052
190.051
190.049
190.046
190.006
190.007
190.007
190.007
190.006
190.005
190.003
190
189.997
189.994
189.795
189.792
189.788
189.783
189.778
189.772
189.765
189.758
189.751
189.743
189.32
189.285
189.247
189.208
189.167
189.125
189.08
189.034
188.986
188.937
189.833
189.591
189.329
189.046
188.745
188.426
188.092
187.743
187.381
187.006
230.011
230.011
230.011
230.011
230.011
230.01
230.009
230.008
230.007
230.006
230.012
230.012
230.011
230.011
230.011
230.01
230.01
230.009
230.008
230.006
230.002
230.002
230.002
230.002
230.002
230.001
230.001
230
230
229.999
230.041
230.041
230.041
230.04
230.039
230.038
230.037
230.035
230.033
230.03
229.984
229.984
229.984
229.983
229.983
229.983
229.983
229.983
229.983
229.982
230.001
230.001
230
230
229.999
229.998
229.997
229.995
229.994
229.992
229.911
229.911
229.91
229.909
229.907
229.906
229.904
229.903
229.901
229.899
229.682
229.676
229.669
229.662
229.655
229.647
229.639
229.631
229.622
229.613
229.053
229.007
228.959
228.91
228.859
228.807
228.752
228.697
228.64
228.581
230.418
230.145
229.849
229.529
229.184
228.814
228.418
227.997
227.551
227.081
249.96
249.96
249.96
249.96
249.96
249.96
249.96
249.96
249.959
249.959
249.971
249.971
249.97
249.97
249.97
249.97
249.969
249.969
249.968
249.968
249.981
249.981
249.981
249.981
249.98
249.98
249.979
249.978
249.978
249.977
249.936
249.936
249.936
249.936
249.937
249.937
249.938
249.939
249.939
249.94
249.988
249.988
249.988
249.987
249.987
249.986
249.985
249.983
249.982
249.98
249.927
249.927
249.926
249.926
249.926
249.926
249.926
249.926
249.926
249.926
249.864
249.863
249.862
249.861
249.86
249.858
249.857
249.855
249.854
249.852
249.572
249.565
249.558
249.551
249.544
249.536
249.529
249.521
249.513
249.505
248.961
248.911
248.858
248.804
248.747
248.689
248.628
248.566
248.503
248.437
250.76
250.473
250.163
249.828
249.465
249.073
248.65
248.195
247.708
247.192
249.936
249.936
249.936
249.936
249.936
249.936
249.936
249.936
249.936
249.936
249.925
249.925
249.925
249.925
249.926
249.926
249.926
249.927
249.927
249.928
249.914
249.914
249.914
249.914
249.915
249.915
249.916
249.917
249.918
249.919
249.955
249.955
249.955
249.955
249.955
249.954
249.954
249.953
249.952
249.951
249.893
249.893
249.894
249.894
249.895
249.896
249.897
249.898
249.9
249.901
249.911
249.911
249.911
249.911
249.911
249.91
249.91
249.91
249.91
249.91
249.813
249.812
249.811
249.81
249.81
249.809
249.809
249.808
249.808
249.808
249.559
249.552
249.545
249.538
249.531
249.523
249.515
249.507
249.499
249.491
248.882
248.831
248.779
248.726
248.67
248.613
248.555
248.494
248.433
248.37
250.752
250.464
250.154
249.818
249.456
249.063
248.639
248.184
247.697
247.18
229.893
229.893
229.893
229.893
229.894
229.894
229.895
229.896
229.897
229.899
229.892
229.892
229.892
229.892
229.893
229.893
229.894
229.895
229.896
229.897
229.901
229.901
229.901
229.901
229.901
229.901
229.902
229.902
229.903
229.904
229.861
229.861
229.862
229.862
229.863
229.865
229.866
229.868
229.87
229.873
229.906
229.906
229.906
229.906
229.906
229.906
229.906
229.906
229.906
229.906
229.852
229.852
229.852
229.852
229.853
229.854
229.855
229.856
229.858
229.859
229.795
229.794
229.793
229.793
229.792
229.792
229.792
229.791
229.792
229.792
229.531
229.525
229.519
229.513
229.507
229.501
229.496
229.49
229.484
229.479
228.963
228.917
228.87
228.821
228.77
228.718
228.664
228.609
228.553
228.495
230.284
230.009
229.713
229.394
229.05
228.681
228.287
227.868
227.424
226.957
189.856
189.855
189.854
189.854
189.853
189.854
189.855
189.856
189.858
189.86
189.839
189.838
189.837
189.836
189.836
189.837
189.838
189.84
189.842
189.845
189.83
189.829
189.828
189.828
189.828
189.829
189.831
189.833
189.835
189.839
189.859
189.857
189.856
189.855
189.855
189.855
189.855
189.856
189.858
189.859
189.816
189.815
189.814
189.814
189.815
189.816
189.818
189.82
189.823
189.827
189.827
189.826
189.825
189.824
189.824
189.824
189.825
189.826
189.828
189.831
189.758
189.756
189.754
189.753
189.753
189.753
189.753
189.754
189.756
189.758
189.574
189.567
189.561
189.556
189.55
189.545
189.54
189.536
189.532
189.529
189.053
189.015
188.976
188.937
188.896
188.855
188.814
188.772
188.729
188.687
189.634
189.389
189.124
188.84
188.537
188.218
187.885
187.537
187.178
186.807
129.774
129.767
129.76
129.755
129.752
129.75
129.75
129.752
129.755
129.761
129.763
129.755
129.748
129.743
129.74
129.738
129.738
129.74
129.743
129.749
129.766
129.758
129.752
129.747
129.743
129.741
129.741
129.742
129.746
129.751
129.747
129.74
129.733
129.729
129.725
129.724
129.725
129.727
129.731
129.738
129.768
129.761
129.754
129.748
129.745
129.743
129.742
129.744
129.747
129.752
129.742
129.734
129.728
129.723
129.72
129.718
129.718
129.72
129.724
129.73
129.712
129.704
129.697
129.692
129.688
129.685
129.685
129.686
129.69
129.695
129.577
129.567
129.557
129.549
129.542
129.537
129.533
129.532
129.532
129.535
129.253
129.221
129.189
129.158
129.128
129.099
129.071
129.044
129.018
128.994
129.096
128.903
128.696
128.478
128.252
128.022
127.789
127.555
127.322
127.091
49.6052
49.5622
49.5282
49.5021
49.4831
49.4708
49.4647
49.4647
49.4708
49.4831
49.5925
49.5491
49.5146
49.4882
49.4691
49.4567
49.4506
49.4508
49.4572
49.4699
49.5905
49.5471
49.5127
49.4863
49.4672
49.4548
49.4489
49.4491
49.4556
49.4684
49.5963
49.5528
49.5183
49.4918
49.4725
49.4599
49.4537
49.4536
49.4597
49.4721
49.5875
49.5441
49.5097
49.4834
49.4644
49.4521
49.4462
49.4466
49.4532
49.4661
49.5896
49.5461
49.5116
49.4851
49.4659
49.4534
49.4472
49.4473
49.4535
49.4661
49.5743
49.5308
49.4962
49.4696
49.4504
49.4378
49.4317
49.4317
49.4379
49.4505
49.533
49.4885
49.4529
49.4252
49.4048
49.3911
49.3838
49.3826
49.3875
49.3988
49.4065
49.3546
49.3115
49.2761
49.2478
49.226
49.2104
49.2008
49.1973
49.1999
49.1418
49.0189
48.9003
48.7867
48.679
48.5784
48.4855
48.401
48.3252
48.2584
45.2994
45.1661
42.3928
39.4968
36.8998
34.8474
33.4388
32.6474
32.3403
32.3022
43.9148
42.2606
39.9116
37.3967
35.0148
33.0382
31.6319
30.8252
30.5155
30.4928
42.3412
40.5436
37.9779
35.3649
32.9697
31.0053
29.6093
28.8107
28.5151
28.5143
41.9035
40.0052
37.2011
34.3126
31.6832
29.5588
28.0751
27.2439
26.9497
26.9648
42.1005
40.1766
37.2126
34.0737
31.172
28.8124
27.1636
26.2425
25.9169
25.9312
42.5842
40.6814
37.6375
34.3267
31.206
28.6307
26.8094
25.7779
25.4005
25.3985
43.1417
41.273
38.1948
34.7772
31.5051
28.769
26.809
25.6808
25.2513
25.2264
43.6583
41.8182
38.7189
35.2277
31.8495
28.9988
26.938
25.7369
25.2649
25.2183
44.0904
42.2722
39.1502
35.594
32.1277
29.1861
27.0478
25.7921
25.2891
25.2267
44.4512
42.6583
39.5091
35.8825
32.3263
29.2963
27.0861
25.7828
25.2558
25.1853
137.07
138.727
134.706
129.903
125.227
121.225
118.164
116.068
114.754
113.882
133.331
131.885
129.478
126.172
122.417
118.82
115.849
113.713
112.346
111.449
130.538
128.815
125.967
122.58
118.968
115.532
112.648
110.534
109.167
108.273
130.56
128.666
125.215
121.075
116.809
112.919
109.778
107.553
106.162
105.282
131.921
130.01
126.112
121.216
116.102
111.47
107.801
105.281
103.778
102.881
133.724
131.87
127.684
122.191
116.33
110.967
106.717
103.83
102.16
101.216
135.436
133.629
129.224
123.266
116.805
110.836
106.084
102.863
101.029
100.031
136.794
134.982
130.342
123.965
116.996
110.529
105.371
101.882
99.918
98.88
137.741
135.868
130.943
124.131
116.675
109.759
104.255
100.553
98.4999
97.4495
138.397
136.441
131.179
123.886
115.914
108.54
102.698
98.8015
96.6829
95.6483
210.625
212.66
210.94
208.36
205.456
202.57
199.908
197.559
195.506
193.637
207.845
207.807
207.57
206.476
204.56
202.152
199.615
197.212
195.048
193.07
206.946
206.65
206.022
204.865
203.084
200.812
198.321
195.883
193.649
191.6
208.634
208.231
206.979
204.96
202.363
199.465
196.568
193.907
191.572
189.479
211.492
211.117
209.322
206.314
202.569
198.629
194.96
191.84
189.306
187.155
214.547
214.23
211.971
208.046
203.162
198.112
193.559
189.879
187.087
184.861
217.139
216.814
214.08
209.295
203.361
197.285
191.905
187.691
184.652
182.363
218.952
218.496
215.185
209.512
202.569
195.547
189.428
184.754
181.52
179.201
219.974
219.268
215.241
208.587
200.604
192.661
185.86
180.792
177.423
175.127
220.478
219.452
214.591
206.851
197.752
188.848
181.357
175.913
172.445
170.22
259.375
260.631
261.813
262.461
262.476
261.798
260.439
258.492
256.119
253.522
259.246
260.451
262.331
263.805
264.425
264.052
262.751
260.707
258.164
255.378
261.627
262.704
264.355
265.717
266.293
265.857
264.439
262.236
259.523
256.574
265.367
266.479
267.684
268.286
268.037
266.881
264.926
262.376
259.464
256.393
269.61
270.811
271.517
271.123
269.665
267.365
264.522
261.413
258.227
255.047
273.595
274.836
274.974
273.496
270.704
267.107
263.228
259.456
255.958
252.681
276.696
277.844
277.28
274.636
270.471
265.561
260.644
256.217
252.43
249.09
278.625
279.494
278.021
274.067
268.462
262.24
256.324
251.296
247.277
243.933
279.45
279.861
277.246
271.797
264.645
257.076
250.183
244.611
240.429
237.153
279.58
279.418
275.48
268.369
259.542
250.549
242.649
236.542
232.24
229.095
283.258
283.769
286.707
289.401
291.328
292.156
291.752
290.191
287.733
284.78
285.088
286.946
289.999
292.999
295.21
296.181
295.763
294.065
291.397
288.206
289.79
291.633
294.585
297.43
299.45
300.195
299.527
297.573
294.664
291.251
294.918
296.908
299.569
301.764
302.984
302.965
301.681
299.298
296.123
292.533
300.017
302.143
304.369
305.618
305.647
304.467
302.255
299.265
295.773
292.039
304.507
306.66
308.278
308.382
307.009
304.467
301.164
297.472
293.645
289.799
307.827
309.829
310.615
309.391
306.484
302.493
298.056
293.656
289.523
285.62
309.735
311.36
311.035
308.258
303.672
298.169
292.594
287.524
283.145
279.256
310.358
311.392
309.667
305.09
298.66
291.566
284.848
279.151
274.598
270.808
310.191
310.49
307.145
300.564
292.13
283.341
275.434
269.113
264.43
260.808
283.251
283.757
286.706
289.412
291.352
292.189
291.792
290.234
287.777
284.824
285.093
286.952
290.007
293.014
295.233
296.212
295.799
294.105
291.438
288.247
289.804
291.648
294.603
297.451
299.474
300.224
299.559
297.607
294.699
291.284
294.934
296.926
299.59
301.786
303.008
302.99
301.706
299.325
296.149
292.558
300.033
302.16
304.388
305.637
305.666
304.487
302.274
299.284
295.791
292.056
304.521
306.676
308.293
308.397
307.025
304.482
301.178
297.486
293.658
289.812
307.84
309.841
310.628
309.405
306.498
302.508
298.071
293.671
289.537
285.634
309.745
311.37
311.048
308.274
303.691
298.19
292.617
287.547
283.168
279.279
310.366
311.401
309.681
305.11
298.687
291.598
284.885
279.19
274.637
270.846
310.198
310.5
307.163
300.592
292.169
283.39
275.489
269.172
264.489
260.867
259.363
260.603
261.816
262.503
262.553
261.904
260.564
258.628
256.257
253.658
259.264
260.473
262.363
263.856
264.5
264.149
262.864
260.83
258.289
255.502
261.668
262.749
264.407
265.778
266.365
265.941
264.532
262.334
259.622
256.672
265.414
266.531
267.74
268.347
268.101
266.949
264.995
262.447
259.533
256.462
269.655
270.859
271.566
271.173
269.715
267.413
264.568
261.458
258.27
255.089
273.634
274.876
275.014
273.535
270.741
267.141
263.26
259.485
255.986
252.707
276.729
277.877
277.314
274.67
270.505
265.595
260.677
256.249
252.46
249.12
278.653
279.523
278.053
274.105
268.507
262.29
256.377
251.351
247.331
243.987
279.473
279.887
277.282
271.848
264.713
257.157
250.275
244.708
240.527
237.25
279.601
279.446
275.527
268.443
259.645
250.675
242.792
236.695
232.394
229.247
210.628
212.643
210.972
208.451
205.601
202.758
200.126
197.792
195.742
193.869
207.885
207.854
207.634
206.569
204.687
202.312
199.8
197.41
195.249
193.268
207.01
206.72
206.102
204.957
203.191
200.934
198.456
196.025
193.792
191.74
208.699
208.3
207.053
205.038
202.444
199.548
196.654
193.993
191.658
189.563
211.55
211.177
209.381
206.371
202.622
198.678
195.004
191.882
189.346
187.194
214.597
214.28
212.017
208.086
203.195
198.139
193.581
189.897
187.103
184.876
217.183
216.856
214.12
209.33
203.393
197.313
191.93
187.713
184.672
182.382
218.988
218.533
215.224
209.555
202.615
195.597
189.481
184.808
181.573
179.253
220.005
219.302
215.285
208.648
200.682
192.755
185.965
180.903
177.535
175.238
220.507
219.489
214.651
206.943
197.878
189.003
181.533
176.099
172.633
170.406
137.113
138.76
134.79
130.047
125.425
121.467
118.435
116.354
115.042
114.165
133.393
131.956
129.568
126.291
122.57
119.003
116.055
113.931
112.566
111.665
130.602
128.884
126.044
122.667
119.068
115.645
112.772
110.665
109.298
108.403
130.615
128.723
125.272
121.132
116.866
112.977
109.837
107.613
106.222
105.34
131.967
130.054
126.152
121.248
116.128
111.489
107.815
105.293
103.788
102.891
133.764
131.907
127.714
122.212
116.341
110.969
106.713
103.822
102.15
101.205
135.473
133.664
129.252
123.287
116.819
110.843
106.086
102.862
101.025
100.027
136.827
135.014
130.372
123.995
117.025
110.558
105.4
101.911
99.9458
98.9067
137.77
135.898
130.978
124.176
116.732
109.826
104.331
100.633
98.5809
97.5299
138.425
136.474
131.229
123.96
116.014
108.662
102.836
98.9471
96.8303
95.7941
45.3578
45.2309
42.4805
39.6109
37.0388
35.0065
33.6113
32.8262
32.5189
32.4768
43.957
42.3067
39.966
37.4636
35.0958
33.1323
31.7358
30.9342
30.6252
30.6006
42.367
40.5689
38.0045
35.3945
33.0039
31.0448
29.6534
28.8577
28.5628
28.5613
41.9202
40.0198
37.2129
34.3222
31.6915
29.5671
28.0841
27.2537
26.9598
26.9747
42.1139
40.1874
37.2188
34.075
31.1688
28.8061
27.1556
26.2338
25.9081
25.9223
42.5973
40.6925
37.6439
34.3274
31.2013
28.6217
26.7975
25.7646
25.3867
25.3846
43.1552
41.2855
38.2038
34.7816
31.5052
28.7654
26.8029
25.6731
25.2427
25.2174
43.6707
41.8301
38.7291
35.2362
31.8567
29.0052
26.9437
25.742
25.2694
25.2222
44.1009
42.2825
39.1614
35.6076
32.1449
29.2067
27.0712
25.817
25.3144
25.2522
44.4613
42.6701
39.5263
35.9077
32.3605
29.3382
27.1334
25.8327
25.3064
25.2356
49.9916
49.9898
49.9896
49.9896
49.9896
49.9896
49.9896
49.9896
49.9896
49.9896
49.9916
49.9898
49.9896
49.9896
49.9896
49.9896
49.9896
49.9896
49.9896
49.9896
49.9918
49.9898
49.9896
49.9896
49.9896
49.9896
49.9896
49.9896
49.9896
49.9896
49.992
49.9899
49.9896
49.9896
49.9896
49.9896
49.9896
49.9896
49.9896
49.9896
49.9924
49.9899
49.9896
49.9896
49.9896
49.9896
49.9896
49.9896
49.9896
49.9896
49.9929
49.9899
49.9896
49.9896
49.9896
49.9896
49.9896
49.9896
49.9896
49.9896
49.9935
49.9899
49.9896
49.9896
49.9896
49.9896
49.9896
49.9896
49.9896
49.9896
49.9943
49.99
49.9896
49.9896
49.9896
49.9896
49.9896
49.9896
49.9896
49.9896
49.9953
49.99
49.9896
49.9896
49.9896
49.9896
49.9896
49.9896
49.9896
49.9896
49.9966
49.9901
49.9896
49.9896
49.9896
49.9896
49.9896
49.9896
49.9896
49.9896
129.978
129.974
129.973
129.973
129.973
129.973
129.973
129.973
129.973
129.973
129.978
129.974
129.973
129.973
129.973
129.973
129.973
129.973
129.973
129.973
129.978
129.974
129.973
129.973
129.973
129.973
129.973
129.973
129.973
129.973
129.979
129.974
129.973
129.973
129.973
129.973
129.973
129.973
129.973
129.973
129.979
129.974
129.973
129.973
129.973
129.973
129.973
129.973
129.973
129.973
129.98
129.974
129.973
129.973
129.973
129.973
129.973
129.973
129.973
129.973
129.981
129.974
129.973
129.973
129.973
129.973
129.973
129.973
129.973
129.973
129.982
129.974
129.973
129.973
129.973
129.973
129.973
129.973
129.973
129.973
129.984
129.974
129.973
129.973
129.973
129.973
129.973
129.973
129.973
129.973
129.985
129.974
129.973
129.973
129.973
129.973
129.973
129.973
129.973
129.973
189.966
189.961
189.96
189.96
189.96
189.96
189.96
189.96
189.96
189.96
189.966
189.961
189.96
189.96
189.96
189.96
189.96
189.96
189.96
189.96
189.966
189.961
189.96
189.96
189.96
189.96
189.96
189.96
189.96
189.96
189.967
189.961
189.96
189.96
189.96
189.96
189.96
189.96
189.96
189.96
189.967
189.961
189.96
189.96
189.96
189.96
189.96
189.96
189.96
189.96
189.968
189.961
189.96
189.96
189.96
189.96
189.96
189.96
189.96
189.96
189.969
189.961
189.96
189.96
189.96
189.96
189.96
189.96
189.96
189.96
189.97
189.961
189.96
189.96
189.96
189.96
189.96
189.96
189.96
189.96
189.971
189.962
189.96
189.96
189.96
189.96
189.96
189.96
189.96
189.96
189.972
189.962
189.96
189.96
189.96
189.96
189.96
189.96
189.96
189.96
229.956
229.953
229.952
229.952
229.952
229.952
229.952
229.952
229.952
229.952
229.956
229.953
229.952
229.952
229.952
229.952
229.952
229.952
229.952
229.952
229.957
229.953
229.952
229.952
229.952
229.952
229.952
229.952
229.952
229.952
229.957
229.953
229.952
229.952
229.952
229.952
229.952
229.952
229.952
229.952
229.957
229.953
229.952
229.952
229.952
229.952
229.952
229.952
229.952
229.952
229.958
229.953
229.952
229.952
229.952
229.952
229.952
229.952
229.952
229.952
229.958
229.953
229.952
229.952
229.952
229.952
229.952
229.952
229.952
229.952
229.959
229.953
229.952
229.952
229.952
229.952
229.952
229.952
229.952
229.952
229.96
229.953
229.952
229.952
229.952
229.952
229.952
229.952
229.952
229.952
229.96
229.953
229.952
229.952
229.952
229.952
229.952
229.952
229.952
229.952
249.949
249.948
249.948
249.948
249.948
249.948
249.948
249.948
249.948
249.948
249.949
249.948
249.948
249.948
249.948
249.948
249.948
249.948
249.948
249.948
249.95
249.948
249.948
249.948
249.948
249.948
249.948
249.948
249.948
249.948
249.95
249.948
249.948
249.948
249.948
249.948
249.948
249.948
249.948
249.948
249.95
249.948
249.948
249.948
249.948
249.948
249.948
249.948
249.948
249.948
249.95
249.948
249.948
249.948
249.948
249.948
249.948
249.948
249.948
249.948
249.95
249.948
249.948
249.948
249.948
249.948
249.948
249.948
249.948
249.948
249.95
249.948
249.948
249.948
249.948
249.948
249.948
249.948
249.948
249.948
249.95
249.948
249.948
249.948
249.948
249.948
249.948
249.948
249.948
249.948
249.951
249.948
249.948
249.948
249.948
249.948
249.948
249.948
249.948
249.948
249.946
249.948
249.948
249.948
249.948
249.948
249.948
249.948
249.948
249.948
249.946
249.948
249.948
249.948
249.948
249.948
249.948
249.948
249.948
249.948
249.946
249.948
249.948
249.948
249.948
249.948
249.948
249.948
249.948
249.948
249.946
249.948
249.948
249.948
249.948
249.948
249.948
249.948
249.948
249.948
249.946
249.948
249.948
249.948
249.948
249.948
249.948
249.948
249.948
249.948
249.946
249.948
249.948
249.948
249.948
249.948
249.948
249.948
249.948
249.948
249.946
249.948
249.948
249.948
249.948
249.948
249.948
249.948
249.948
249.948
249.945
249.948
249.948
249.948
249.948
249.948
249.948
249.948
249.948
249.948
249.945
249.948
249.948
249.948
249.948
249.948
249.948
249.948
249.948
249.948
249.945
249.947
249.948
249.948
249.948
249.948
249.948
249.948
249.948
249.948
229.948
229.951
229.952
229.952
229.952
229.952
229.952
229.952
229.952
229.952
229.948
229.951
229.952
229.952
229.952
229.952
229.952
229.952
229.952
229.952
229.947
229.951
229.952
229.952
229.952
229.952
229.952
229.952
229.952
229.952
229.947
229.951
229.952
229.952
229.952
229.952
229.952
229.952
229.952
229.952
229.947
229.951
229.952
229.952
229.952
229.952
229.952
229.952
229.952
229.952
229.946
229.951
229.952
229.952
229.952
229.952
229.952
229.952
229.952
229.952
229.946
229.951
229.952
229.952
229.952
229.952
229.952
229.952
229.952
229.952
229.945
229.951
229.952
229.952
229.952
229.952
229.952
229.952
229.952
229.952
229.945
229.951
229.952
229.952
229.952
229.952
229.952
229.952
229.952
229.952
229.944
229.951
229.952
229.952
229.952
229.952
229.952
229.952
229.952
229.952
189.955
189.96
189.96
189.96
189.96
189.96
189.96
189.96
189.96
189.96
189.955
189.96
189.96
189.96
189.96
189.96
189.96
189.96
189.96
189.96
189.954
189.96
189.96
189.96
189.96
189.96
189.96
189.96
189.96
189.96
189.954
189.96
189.96
189.96
189.96
189.96
189.96
189.96
189.96
189.96
189.953
189.959
189.96
189.96
189.96
189.96
189.96
189.96
189.96
189.96
189.953
189.959
189.96
189.96
189.96
189.96
189.96
189.96
189.96
189.96
189.952
189.959
189.96
189.96
189.96
189.96
189.96
189.96
189.96
189.96
189.951
189.959
189.96
189.96
189.96
189.96
189.96
189.96
189.96
189.96
189.95
189.959
189.96
189.96
189.96
189.96
189.96
189.96
189.96
189.96
189.948
189.959
189.96
189.96
189.96
189.96
189.96
189.96
189.96
189.96
129.968
129.972
129.973
129.973
129.973
129.973
129.973
129.973
129.973
129.973
129.968
129.972
129.973
129.973
129.973
129.973
129.973
129.973
129.973
129.973
129.968
129.972
129.973
129.973
129.973
129.973
129.973
129.973
129.973
129.973
129.967
129.972
129.973
129.973
129.973
129.973
129.973
129.973
129.973
129.973
129.966
129.972
129.973
129.973
129.973
129.973
129.973
129.973
129.973
129.973
129.966
129.972
129.973
129.973
129.973
129.973
129.973
129.973
129.973
129.973
129.965
129.972
129.973
129.973
129.973
129.973
129.973
129.973
129.973
129.973
129.964
129.972
129.973
129.973
129.973
129.973
129.973
129.973
129.973
129.973
129.962
129.972
129.973
129.973
129.973
129.973
129.973
129.973
129.973
129.973
129.96
129.972
129.973
129.973
129.973
129.973
129.973
129.973
129.973
129.973
49.9876
49.9893
49.9895
49.9896
49.9896
49.9896
49.9896
49.9896
49.9896
49.9896
49.9875
49.9893
49.9895
49.9896
49.9896
49.9896
49.9896
49.9896
49.9896
49.9896
49.9873
49.9893
49.9895
49.9896
49.9896
49.9896
49.9896
49.9896
49.9896
49.9896
49.9871
49.9893
49.9895
49.9896
49.9896
49.9896
49.9896
49.9896
49.9896
49.9896
49.9868
49.9893
49.9895
49.9896
49.9896
49.9896
49.9896
49.9896
49.9896
49.9896
49.9863
49.9892
49.9895
49.9896
49.9896
49.9896
49.9896
49.9896
49.9896
49.9896
49.9857
49.9892
49.9895
49.9896
49.9896
49.9896
49.9896
49.9896
49.9896
49.9896
49.9849
49.9892
49.9895
49.9896
49.9896
49.9896
49.9896
49.9896
49.9896
49.9896
49.9838
49.9891
49.9895
49.9896
49.9896
49.9896
49.9896
49.9896
49.9896
49.9896
49.9825
49.9891
49.9895
49.9896
49.9896
49.9896
49.9896
49.9896
49.9896
49.9896
50.0111
49.9905
49.9896
49.9896
49.9896
49.9896
49.9896
49.9896
49.9896
49.9896
50.0129
49.9906
49.9896
49.9896
49.9896
49.9896
49.9896
49.9896
49.9896
49.9896
50.013
49.9906
49.9896
49.9896
49.9896
49.9896
49.9896
49.9896
49.9896
49.9896
50.0127
49.9904
49.9895
49.9895
49.9895
49.9896
49.9896
49.9896
49.9896
49.9896
50.0119
49.9897
49.9891
49.9893
49.9895
49.9895
49.9896
49.9896
49.9896
49.9896
50.0078
49.9866
49.9874
49.9886
49.9892
49.9894
49.9895
49.9896
49.9896
49.9896
49.9902
49.9736
49.9812
49.9862
49.9884
49.9892
49.9895
49.9895
49.9896
49.9896
49.9073
49.9194
49.9589
49.9789
49.9863
49.9886
49.9893
49.9895
49.9896
49.9896
49.4816
49.6966
49.8854
49.9588
49.9813
49.9875
49.9891
49.9894
49.9895
49.9896
46.8335
48.8236
49.6798
49.9153
49.9725
49.9857
49.9887
49.9894
49.9895
49.9896
130.002
129.975
129.973
129.973
129.973
129.973
129.973
129.973
129.973
129.973
130.005
129.975
129.973
129.973
129.973
129.973
129.973
129.973
129.973
129.973
130.005
129.975
129.973
129.973
129.973
129.973
129.973
129.973
129.973
129.973
130.005
129.975
129.973
129.973
129.973
129.973
129.973
129.973
129.973
129.973
130.002
129.973
129.971
129.972
129.973
129.973
129.973
129.973
129.973
129.973
129.991
129.964
129.967
129.97
129.972
129.973
129.973
129.973
129.973
129.973
129.939
129.926
129.949
129.963
129.97
129.972
129.973
129.973
129.973
129.973
129.7
129.769
129.884
129.942
129.963
129.97
129.972
129.973
129.973
129.973
128.478
129.123
129.671
129.884
129.949
129.967
129.971
129.973
129.973
129.973
121.238
126.61
129.075
129.757
129.923
129.962
129.97
129.972
129.973
129.973
189.985
189.963
189.961
189.96
189.96
189.96
189.96
189.96
189.96
189.96
189.989
189.963
189.961
189.96
189.96
189.96
189.96
189.96
189.96
189.96
189.989
189.963
189.96
189.96
189.96
189.96
189.96
189.96
189.96
189.96
189.987
189.962
189.96
189.96
189.96
189.96
189.96
189.96
189.96
189.96
189.984
189.959
189.958
189.959
189.96
189.96
189.96
189.96
189.96
189.96
189.965
189.945
189.951
189.956
189.959
189.96
189.96
189.96
189.96
189.96
189.886
189.886
189.922
189.945
189.955
189.959
189.96
189.96
189.96
189.96
189.513
189.641
189.822
189.912
189.946
189.956
189.959
189.96
189.96
189.96
187.64
188.639
189.49
189.821
189.923
189.951
189.958
189.96
189.96
189.96
177.075
184.767
188.564
189.625
189.883
189.943
189.956
189.959
189.96
189.96
229.968
229.954
229.952
229.952
229.952
229.952
229.952
229.952
229.952
229.952
229.97
229.954
229.952
229.952
229.952
229.952
229.952
229.952
229.952
229.952
229.97
229.954
229.952
229.952
229.952
229.952
229.952
229.952
229.952
229.952
229.97
229.953
229.951
229.952
229.952
229.952
229.952
229.952
229.952
229.952
229.963
229.948
229.949
229.95
229.951
229.952
229.952
229.952
229.952
229.952
229.941
229.931
229.939
229.946
229.95
229.951
229.952
229.952
229.952
229.952
229.84
229.857
229.904
229.933
229.945
229.95
229.951
229.952
229.952
229.952
229.373
229.549
229.777
229.891
229.933
229.947
229.951
229.952
229.952
229.952
227.045
228.289
229.359
229.777
229.905
229.94
229.949
229.951
229.952
229.952
214.445
223.459
228.195
229.529
229.855
229.93
229.947
229.951
229.952
229.952
249.953
249.948
249.948
249.948
249.948
249.948
249.948
249.948
249.948
249.948
249.954
249.948
249.948
249.948
249.948
249.948
249.948
249.948
249.948
249.948
249.954
249.948
249.948
249.948
249.948
249.948
249.948
249.948
249.948
249.948
249.952
249.947
249.947
249.947
249.948
249.948
249.948
249.948
249.948
249.948
249.947
249.942
249.944
249.946
249.947
249.948
249.948
249.948
249.948
249.948
249.921
249.923
249.934
249.942
249.945
249.947
249.948
249.948
249.948
249.948
249.81
249.841
249.895
249.927
249.941
249.946
249.947
249.948
249.948
249.948
249.293
249.5
249.754
249.881
249.927
249.942
249.946
249.947
249.948
249.948
246.734
248.106
249.291
249.754
249.896
249.935
249.945
249.947
249.948
249.948
233.192
242.782
248.002
249.48
249.84
249.923
249.942
249.947
249.948
249.948
249.943
249.947
249.948
249.948
249.948
249.948
249.948
249.948
249.948
249.948
249.941
249.947
249.948
249.948
249.948
249.948
249.948
249.948
249.948
249.948
249.941
249.947
249.948
249.948
249.948
249.948
249.948
249.948
249.948
249.948
249.94
249.946
249.947
249.947
249.948
249.948
249.948
249.948
249.948
249.948
249.933
249.941
249.944
249.946
249.947
249.948
249.948
249.948
249.948
249.948
249.909
249.921
249.934
249.942
249.945
249.947
249.948
249.948
249.948
249.948
249.797
249.84
249.895
249.927
249.941
249.946
249.947
249.948
249.948
249.948
249.28
249.498
249.754
249.881
249.927
249.942
249.946
249.947
249.948
249.948
246.719
248.104
249.291
249.754
249.896
249.935
249.945
249.947
249.948
249.948
233.18
242.78
248.002
249.479
249.84
249.923
249.942
249.947
249.948
249.948
229.936
229.95
229.952
229.952
229.952
229.952
229.952
229.952
229.952
229.952
229.934
229.95
229.952
229.952
229.952
229.952
229.952
229.952
229.952
229.952
229.933
229.95
229.952
229.952
229.952
229.952
229.952
229.952
229.952
229.952
229.931
229.949
229.951
229.952
229.952
229.952
229.952
229.952
229.952
229.952
229.927
229.944
229.949
229.95
229.951
229.952
229.952
229.952
229.952
229.952
229.904
229.927
229.939
229.946
229.95
229.951
229.952
229.952
229.952
229.952
229.803
229.853
229.904
229.933
229.945
229.95
229.951
229.952
229.952
229.952
229.335
229.545
229.777
229.891
229.933
229.947
229.951
229.952
229.952
229.952
227.005
228.285
229.359
229.777
229.905
229.94
229.949
229.951
229.952
229.952
214.406
223.454
228.195
229.529
229.855
229.93
229.947
229.951
229.952
229.952
189.936
189.958
189.96
189.96
189.96
189.96
189.96
189.96
189.96
189.96
189.932
189.958
189.96
189.96
189.96
189.96
189.96
189.96
189.96
189.96
189.931
189.957
189.96
189.96
189.96
189.96
189.96
189.96
189.96
189.96
189.931
189.957
189.959
189.96
189.96
189.96
189.96
189.96
189.96
189.96
189.926
189.953
189.958
189.959
189.96
189.96
189.96
189.96
189.96
189.96
189.908
189.939
189.95
189.956
189.959
189.96
189.96
189.96
189.96
189.96
189.828
189.881
189.922
189.945
189.955
189.959
189.96
189.96
189.96
189.96
189.456
189.636
189.821
189.912
189.946
189.956
189.959
189.96
189.96
189.96
187.579
188.633
189.489
189.821
189.923
189.951
189.958
189.96
189.96
189.96
177.017
184.76
188.563
189.625
189.883
189.943
189.956
189.959
189.96
189.96
129.944
129.971
129.973
129.973
129.973
129.973
129.973
129.973
129.973
129.973
129.94
129.97
129.973
129.973
129.973
129.973
129.973
129.973
129.973
129.973
129.94
129.97
129.973
129.973
129.973
129.973
129.973
129.973
129.973
129.973
129.939
129.97
129.972
129.973
129.973
129.973
129.973
129.973
129.973
129.973
129.937
129.968
129.971
129.972
129.973
129.973
129.973
129.973
129.973
129.973
129.925
129.959
129.966
129.97
129.972
129.973
129.973
129.973
129.973
129.973
129.874
129.921
129.948
129.963
129.97
129.972
129.973
129.973
129.973
129.973
129.634
129.764
129.884
129.942
129.963
129.97
129.972
129.973
129.973
129.973
128.408
129.118
129.67
129.884
129.949
129.967
129.971
129.973
129.973
129.973
121.17
126.604
129.074
129.757
129.923
129.962
129.97
129.972
129.973
129.973
49.9681
49.9886
49.9895
49.9896
49.9896
49.9896
49.9896
49.9896
49.9896
49.9896
49.9662
49.9885
49.9895
49.9896
49.9896
49.9896
49.9896
49.9896
49.9896
49.9896
49.966
49.9884
49.9895
49.9895
49.9896
49.9896
49.9896
49.9896
49.9896
49.9896
49.9658
49.9882
49.9893
49.9895
49.9895
49.9896
49.9896
49.9896
49.9896
49.9896
49.9649
49.9875
49.9889
49.9893
49.9895
49.9895
49.9896
49.9896
49.9896
49.9896
49.9609
49.9844
49.9873
49.9886
49.9892
49.9894
49.9895
49.9896
49.9896
49.9896
49.9432
49.9715
49.9811
49.9862
49.9884
49.9892
49.9895
49.9895
49.9896
49.9896
49.8604
49.9173
49.9588
49.9789
49.9863
49.9886
49.9893
49.9895
49.9896
49.9896
49.4328
49.6942
49.8853
49.9588
49.9813
49.9875
49.9891
49.9894
49.9895
49.9896
46.7852
48.8211
49.6796
49.9153
49.9725
49.9857
49.9887
49.9894
49.9895
49.9896
34.0499
47.2699
49.4875
49.8887
49.9685
49.9851
49.9886
49.9894
49.9895
49.9896
32.7616
47.1087
49.4675
49.886
49.9681
49.985
49.9886
49.9894
49.9895
49.9896
31.6616
46.9616
49.4492
49.8834
49.9677
49.9849
49.9886
49.9894
49.9895
49.9896
30.7067
46.8297
49.4326
49.8812
49.9673
49.9849
49.9886
49.9894
49.9895
49.9896
29.8619
46.7139
49.4181
49.8792
49.9671
49.9848
49.9886
49.9894
49.9895
49.9896
29.12
46.6154
49.4057
49.8775
49.9668
49.9848
49.9885
49.9893
49.9895
49.9896
28.4951
46.5351
49.3957
49.8761
49.9666
49.9848
49.9885
49.9893
49.9895
49.9896
28.0066
46.4739
49.388
49.8751
49.9665
49.9847
49.9885
49.9893
49.9895
49.9896
27.6719
46.4325
49.3829
49.8744
49.9664
49.9847
49.9885
49.9893
49.9895
49.9896
27.5
46.4117
49.3803
49.874
49.9663
49.9847
49.9885
49.9893
49.9895
49.9896
88.3357
122.22
128.52
129.68
129.912
129.96
129.97
129.972
129.973
129.973
85.3178
121.765
128.463
129.672
129.91
129.96
129.97
129.972
129.973
129.973
82.5965
121.349
128.409
129.665
129.909
129.959
129.97
129.972
129.973
129.973
80.1306
120.976
128.362
129.658
129.908
129.959
129.97
129.972
129.973
129.973
77.8656
120.648
128.32
129.653
129.908
129.959
129.97
129.972
129.973
129.973
75.8114
120.367
128.284
129.648
129.907
129.959
129.97
129.972
129.973
129.973
74.0344
120.138
128.255
129.644
129.906
129.959
129.97
129.972
129.973
129.973
72.614
119.964
128.233
129.641
129.906
129.959
129.97
129.972
129.973
129.973
71.6214
119.845
128.218
129.639
129.906
129.959
129.97
129.972
129.973
129.973
71.1026
119.786
128.211
129.638
129.905
129.959
129.97
129.972
129.973
129.973
130.595
178.141
187.708
189.505
189.865
189.94
189.956
189.959
189.96
189.96
126.691
177.456
187.618
189.493
189.863
189.94
189.956
189.959
189.96
189.96
123.04
176.829
187.537
189.481
189.861
189.939
189.956
189.959
189.96
189.96
119.619
176.265
187.463
189.471
189.86
189.939
189.956
189.959
189.96
189.96
116.389
175.769
187.398
189.462
189.859
189.939
189.956
189.959
189.96
189.96
113.396
175.345
187.343
189.455
189.858
189.939
189.956
189.959
189.96
189.96
110.751
174.997
187.298
189.448
189.857
189.939
189.956
189.959
189.96
189.96
108.591
174.731
187.264
189.444
189.856
189.939
189.956
189.959
189.96
189.96
107.047
174.551
187.241
189.441
189.855
189.938
189.956
189.959
189.96
189.96
106.221
174.46
187.23
189.439
189.855
189.938
189.956
189.959
189.96
189.96
160.569
215.341
227.125
229.379
229.832
229.926
229.946
229.951
229.952
229.952
156.316
214.502
227.013
229.363
229.83
229.926
229.946
229.951
229.952
229.952
152.218
213.734
226.911
229.349
229.827
229.926
229.946
229.951
229.952
229.952
148.279
213.043
226.819
229.336
229.826
229.925
229.946
229.951
229.952
229.952
144.498
212.434
226.738
229.325
229.824
229.925
229.946
229.951
229.952
229.952
140.946
211.913
226.669
229.315
229.822
229.925
229.946
229.951
229.952
229.952
137.763
211.485
226.613
229.308
229.821
229.925
229.946
229.951
229.952
229.952
135.121
211.157
226.571
229.302
229.82
229.924
229.946
229.951
229.952
229.952
133.197
210.935
226.542
229.298
229.82
229.924
229.946
229.951
229.952
229.952
132.148
210.823
226.528
229.296
229.82
229.924
229.946
229.951
229.952
229.952
176.318
233.93
246.821
249.313
249.815
249.919
249.942
249.947
249.948
249.948
171.963
233.015
246.698
249.295
249.812
249.919
249.942
249.946
249.948
249.948
167.697
232.178
246.585
249.28
249.81
249.919
249.942
249.946
249.948
249.948
163.54
231.425
246.484
249.265
249.808
249.918
249.941
249.946
249.948
249.948
159.517
230.76
246.395
249.253
249.806
249.918
249.941
249.946
249.948
249.948
155.714
230.19
246.319
249.242
249.804
249.918
249.941
249.946
249.948
249.948
152.282
229.723
246.257
249.234
249.803
249.917
249.941
249.946
249.948
249.948
149.406
229.364
246.21
249.227
249.802
249.917
249.941
249.946
249.948
249.948
147.291
229.121
246.178
249.223
249.801
249.917
249.941
249.946
249.948
249.948
146.126
228.998
246.163
249.221
249.801
249.917
249.941
249.946
249.948
249.948
176.314
233.927
246.821
249.313
249.815
249.919
249.942
249.947
249.948
249.948
171.961
233.013
246.698
249.295
249.812
249.919
249.942
249.946
249.948
249.948
167.697
232.176
246.585
249.28
249.81
249.919
249.942
249.946
249.948
249.948
163.542
231.423
246.484
249.265
249.808
249.918
249.941
249.946
249.948
249.948
159.52
230.758
246.394
249.253
249.806
249.918
249.941
249.946
249.948
249.948
155.716
230.189
246.319
249.242
249.804
249.918
249.941
249.946
249.948
249.948
152.281
229.721
246.257
249.234
249.803
249.917
249.941
249.946
249.948
249.948
149.401
229.363
246.21
249.227
249.802
249.917
249.941
249.946
249.948
249.948
147.28
229.12
246.178
249.223
249.801
249.917
249.941
249.946
249.948
249.948
146.11
228.997
246.163
249.221
249.801
249.917
249.941
249.946
249.948
249.948
160.559
215.335
227.124
229.379
229.832
229.926
229.946
229.951
229.952
229.952
156.309
214.496
227.013
229.363
229.83
229.926
229.946
229.951
229.952
229.952
152.218
213.729
226.911
229.349
229.827
229.926
229.946
229.951
229.952
229.952
148.285
213.039
226.818
229.336
229.826
229.925
229.946
229.951
229.952
229.952
144.507
212.43
226.738
229.325
229.824
229.925
229.946
229.951
229.952
229.952
140.953
211.909
226.669
229.315
229.822
229.925
229.946
229.951
229.952
229.952
137.763
211.482
226.613
229.308
229.821
229.925
229.946
229.951
229.952
229.952
135.109
211.154
226.571
229.302
229.82
229.924
229.946
229.951
229.952
229.952
133.171
210.932
226.542
229.298
229.82
229.924
229.946
229.951
229.952
229.952
132.109
210.82
226.528
229.296
229.82
229.924
229.946
229.951
229.952
229.952
130.579
178.133
187.707
189.505
189.865
189.94
189.956
189.959
189.96
189.96
126.682
177.448
187.618
189.493
189.863
189.94
189.956
189.959
189.96
189.96
123.041
176.822
187.536
189.481
189.861
189.939
189.956
189.959
189.96
189.96
119.629
176.259
187.462
189.471
189.86
189.939
189.956
189.959
189.96
189.96
116.405
175.763
187.398
189.462
189.859
189.939
189.956
189.959
189.96
189.96
113.41
175.34
187.343
189.455
189.858
189.939
189.956
189.959
189.96
189.96
110.758
174.993
187.298
189.448
189.857
189.939
189.956
189.959
189.96
189.96
108.582
174.727
187.264
189.444
189.856
189.939
189.956
189.959
189.96
189.96
107.019
174.547
187.241
189.441
189.855
189.938
189.956
189.959
189.96
189.96
106.176
174.457
187.23
189.439
189.855
189.938
189.956
189.959
189.96
189.96
88.3197
122.212
128.52
129.68
129.912
129.96
129.97
129.972
129.973
129.973
85.308
121.758
128.462
129.672
129.91
129.96
129.97
129.972
129.973
129.973
82.5972
121.343
128.409
129.665
129.909
129.959
129.97
129.972
129.973
129.973
80.1418
120.97
128.361
129.658
129.908
129.959
129.97
129.972
129.973
129.973
77.8834
120.643
128.319
129.653
129.908
129.959
129.97
129.972
129.973
129.973
75.8299
120.363
128.284
129.648
129.907
129.959
129.97
129.972
129.973
129.973
74.0468
120.135
128.255
129.644
129.906
129.959
129.97
129.972
129.973
129.973
72.6131
119.961
128.233
129.641
129.906
129.959
129.97
129.972
129.973
129.973
71.6025
119.843
128.218
129.639
129.906
129.959
129.97
129.972
129.973
129.973
71.0682
119.783
128.211
129.638
129.905
129.959
129.97
129.972
129.973
129.973
34.0418
47.2663
49.4873
49.8887
49.9685
49.9851
49.9886
49.9894
49.9895
49.9896
32.758
47.1054
49.4673
49.8859
49.9681
49.985
49.9886
49.9894
49.9895
49.9896
31.6643
46.9586
49.4489
49.8834
49.9677
49.9849
49.9886
49.9894
49.9895
49.9896
30.7153
46.827
49.4324
49.8811
49.9673
49.9849
49.9886
49.9894
49.9895
49.9896
29.8746
46.7117
49.4179
49.8792
49.9671
49.9848
49.9886
49.9894
49.9895
49.9896
29.1338
46.6136
49.4056
49.8775
49.9668
49.9848
49.9885
49.9893
49.9895
49.9896
28.5062
46.5336
49.3956
49.8761
49.9666
49.9848
49.9885
49.9893
49.9895
49.9896
28.011
46.4727
49.3879
49.8751
49.9665
49.9847
49.9885
49.9893
49.9895
49.9896
27.6661
46.4316
49.3828
49.8744
49.9664
49.9847
49.9885
49.9893
49.9895
49.9896
27.4853
46.4111
49.3803
49.8741
49.9663
49.9847
49.9885
49.9893
49.9895
49.9896
)
;

boundaryField
{
    strip0
    {
        type            fixedValue;
        value           uniform 1;
    }
    strip1
    {
        type            fixedValue;
        value           uniform -1;
    }
    back1
    {
        type            fixedValue;
        value           uniform 0;
    }
    back2
    {
        type            fixedValue;
        value           uniform 0;
    }
    back3
    {
        type            fixedValue;
        value           uniform 0;
    }
    back4
    {
        type            fixedValue;
        value           uniform 0;
    }
    back6
    {
        type            fixedValue;
        value           uniform 0;
    }
    back7
    {
        type            fixedValue;
        value           uniform 0;
    }
    back8
    {
        type            fixedValue;
        value           uniform 0;
    }
    back9
    {
        type            fixedValue;
        value           uniform 0;
    }
    front1
    {
        type            fixedValue;
        value           uniform 0;
    }
    front2
    {
        type            fixedValue;
        value           uniform 0;
    }
    front3
    {
        type            fixedValue;
        value           uniform 0;
    }
    front4
    {
        type            fixedValue;
        value           uniform 0;
    }
    front6
    {
        type            fixedValue;
        value           uniform 0;
    }
    front7
    {
        type            fixedValue;
        value           uniform 0;
    }
    front8
    {
        type            fixedValue;
        value           uniform 0;
    }
    front9
    {
        type            fixedValue;
        value           uniform 0;
    }
    defaultFaces
    {
        type            empty;
    }
}


// ************************************************************************* //
