/*--------------------------------*- C++ -*----------------------------------*\
| =========                 |                                                 |
| \\      /  F ield         | OpenFOAM: The Open Source CFD Toolbox           |
|  \\    /   O peration     | Version:  2.4.0                                 |
|   \\  /    A nd           | Web:      www.OpenFOAM.org                      |
|    \\/     M anipulation  |                                                 |
\*---------------------------------------------------------------------------*/
FoamFile
{
    version     2.0;
    format      ascii;
    class       volScalarField;
    location    "0.02";
    object      phi;
}
// * * * * * * * * * * * * * * * * * * * * * * * * * * * * * * * * * * * * * //

dimensions      [1 2 -3 0 0 -1 0];

internalField   nonuniform List<scalar> 
9000
(
0.00902594
0.00904785
0.00908988
0.00914829
0.00921746
0.00928981
0.00935594
0.0094048
0.00942419
0.00940149
0.0092433
0.00927142
0.00932577
0.0094024
0.00949524
0.00959595
0.0096939
0.00977625
0.0098284
0.00983483
0.00968424
0.00972574
0.00980674
0.00992298
0.0100677
0.010231
0.0104
0.010558
0.0106852
0.0107594
0.0103606
0.0104247
0.0105509
0.0107348
0.0109691
0.0112423
0.0115379
0.0118333
0.0120996
0.0123026
0.0112891
0.011388
0.0115846
0.0118751
0.0122526
0.0127046
0.0132111
0.0137412
0.014252
0.0146884
0.0124891
0.0126397
0.012941
0.0133924
0.0139902
0.0147241
0.0155722
0.016495
0.0174288
0.0182838
0.0139805
0.0142046
0.014657
0.015344
0.0162715
0.0174392
0.0188311
0.0204032
0.0220671
0.0236762
0.0157788
0.0161046
0.0167675
0.0177887
0.0191957
0.0210145
0.0232555
0.0258899
0.0288118
0.0317929
0.0178909
0.0183516
0.0192972
0.0207754
0.022855
0.0256193
0.029149
0.0334861
0.0385617
0.0440696
0.0203089
0.0209412
0.0222499
0.0243251
0.0273054
0.0313795
0.0367778
0.043739
0.0524119
0.0625994
0.0239679
0.0239902
0.0240311
0.0240829
0.0241345
0.0241712
0.024176
0.0241294
0.0240114
0.0238019
0.0244294
0.0244598
0.0245166
0.0245915
0.0246722
0.0247428
0.024784
0.024774
0.0246896
0.0245077
0.0253585
0.025406
0.0254964
0.0256201
0.0257629
0.0259057
0.0260252
0.0260945
0.0260838
0.0259631
0.0267663
0.0268416
0.0269867
0.0271905
0.0274355
0.0276985
0.0279497
0.0281536
0.0282704
0.0282579
0.028667
0.0287833
0.0290097
0.0293328
0.0297318
0.0301774
0.0306316
0.0310467
0.0313672
0.0315321
0.0310751
0.031249
0.0315898
0.0320823
0.032702
0.0334132
0.0341672
0.0349003
0.0355348
0.0359813
0.0340012
0.0342529
0.0347492
0.0354737
0.0363994
0.0374844
0.0386683
0.0398678
0.0409749
0.0418586
0.0374475
0.0378009
0.0385014
0.0395337
0.0408704
0.0424661
0.0442496
0.046116
0.0479187
0.049468
0.0414021
0.0418841
0.042844
0.0442708
0.0461413
0.0484118
0.0510055
0.0537975
0.0565974
0.0591366
0.0458346
0.0464731
0.0477506
0.0496643
0.0522019
0.0553298
0.0589753
0.0630025
0.0671794
0.0711427
0.0327518
0.0327442
0.0327257
0.0326896
0.0326262
0.0325231
0.0323663
0.0321402
0.0318295
0.0314194
0.0332338
0.0332311
0.033222
0.0331993
0.0331525
0.0330681
0.0329305
0.0327228
0.0324275
0.0320282
0.0341995
0.0342068
0.0342174
0.0342226
0.0342105
0.0341651
0.0340682
0.0338992
0.0336371
0.0332615
0.0356512
0.0356745
0.0357161
0.0357661
0.0358095
0.0358273
0.0357965
0.0356913
0.0354847
0.03515
0.0375903
0.0376366
0.0377231
0.0378376
0.0379618
0.038072
0.0381389
0.0381293
0.0380076
0.0377375
0.0400161
0.0400935
0.040241
0.0404438
0.0406793
0.0409176
0.0411218
0.0412486
0.0412505
0.0410781
0.0429225
0.0430406
0.043268
0.0435869
0.0439699
0.0443799
0.0447701
0.0450846
0.0452603
0.0452303
0.0462959
0.0464653
0.046794
0.0472608
0.047833
0.0484654
0.0490997
0.0496647
0.0500774
0.0502476
0.0501122
0.0503445
0.0507974
0.0514466
0.0522538
0.0531652
0.0541097
0.0549979
0.0557232
0.0561651
0.0543348
0.0546415
0.055242
0.0561087
0.0571981
0.0584476
0.0597724
0.0610629
0.0621843
0.0629798
0.0356709
0.0356361
0.0355644
0.0354516
0.0352919
0.0350779
0.0348013
0.0344534
0.0340255
0.0335103
0.0360665
0.0360337
0.0359657
0.0358583
0.0357049
0.0354977
0.0352276
0.034885
0.0344607
0.0339462
0.0368566
0.0368278
0.0367677
0.0366711
0.0365308
0.0363377
0.0360811
0.0357501
0.0353335
0.0348212
0.0380382
0.0380157
0.0379679
0.0378885
0.037769
0.0375982
0.0373636
0.0370513
0.0366478
0.0361402
0.039606
0.0395925
0.039562
0.0395071
0.0394171
0.0392786
0.0390757
0.0387914
0.0384082
0.0379095
0.0415516
0.0415501
0.0415428
0.0415205
0.0414704
0.0413756
0.0412165
0.0409715
0.0406181
0.0401346
0.0438624
0.0438762
0.0438985
0.0439183
0.0439197
0.0438821
0.0437809
0.0435887
0.043277
0.0428176
0.0465203
0.046553
0.046612
0.0466842
0.0467501
0.0467846
0.0467573
0.046634
0.0463784
0.0459542
0.0495008
0.0495563
0.0496595
0.0497948
0.049939
0.0500615
0.0501254
0.0500886
0.0499053
0.0495297
0.0527728
0.0528547
0.0530094
0.0532186
0.0534546
0.0536813
0.0538542
0.0539219
0.0538282
0.0535155
0.0343032
0.0342557
0.0341598
0.0340133
0.0338136
0.0335571
0.0332401
0.0328588
0.0324096
0.0318897
0.0345925
0.0345455
0.0344506
0.0343054
0.0341071
0.0338518
0.0335356
0.0331543
0.032704
0.0321815
0.0351693
0.0351234
0.0350304
0.0348879
0.0346925
0.0344399
0.0341254
0.0337442
0.0332918
0.0327644
0.0360292
0.035985
0.0358952
0.035757
0.0355662
0.0353179
0.0350063
0.0346258
0.0341708
0.0336364
0.0371659
0.037124
0.0370388
0.0369066
0.0367225
0.0364805
0.0361737
0.0357948
0.0353369
0.0347939
0.0385699
0.0385313
0.038452
0.038328
0.0381531
0.0379199
0.0376199
0.0372442
0.036784
0.0362313
0.0402291
0.0401945
0.040123
0.0400094
0.0398465
0.039625
0.0393347
0.0389643
0.0385027
0.0379399
0.0421277
0.0420982
0.0420362
0.0419357
0.0417878
0.0415814
0.0413038
0.0409413
0.0404801
0.0399073
0.0442464
0.044223
0.0441725
0.0440876
0.043958
0.0437702
0.0435088
0.0431572
0.0426984
0.0421163
0.0465623
0.0465458
0.0465086
0.0464422
0.046334
0.0461683
0.0459266
0.045589
0.0451348
0.0445446
0.0302054
0.0301578
0.0300622
0.029918
0.029724
0.0294791
0.029182
0.0288316
0.0284271
0.027968
0.030404
0.0303564
0.0302608
0.0301164
0.0299221
0.0296766
0.0293786
0.0290267
0.02862
0.028158
0.0307996
0.030752
0.0306563
0.0305117
0.0303168
0.0300702
0.0297702
0.0294154
0.0290046
0.0285369
0.0313885
0.0313409
0.0312452
0.0311002
0.0309045
0.0306563
0.0303536
0.0299946
0.0295777
0.0291017
0.0321654
0.0321178
0.032022
0.0318768
0.0316802
0.03143
0.0311239
0.0307595
0.0303347
0.0298479
0.0331226
0.0330752
0.0329795
0.0328341
0.0326366
0.0323843
0.0320742
0.0317034
0.0312692
0.0307693
0.0342509
0.0342036
0.0341083
0.0339628
0.0337645
0.03351
0.0331957
0.0328177
0.0323727
0.0318577
0.0355386
0.0354918
0.0353969
0.0352517
0.0350528
0.0347962
0.0344774
0.0340916
0.0336346
0.0331027
0.0369723
0.0369259
0.0368318
0.0366871
0.0364879
0.0362294
0.035906
0.0355121
0.0350423
0.0344919
0.0385361
0.0384904
0.0383973
0.0382535
0.0380544
0.0377941
0.0374662
0.0370639
0.0365805
0.0360104
0.024509
0.0244686
0.0243877
0.0242663
0.0241041
0.0239009
0.0236566
0.0233713
0.0230451
0.0226787
0.0246393
0.0245987
0.0245176
0.0243958
0.0242329
0.0240288
0.0237834
0.0234966
0.0231686
0.0227999
0.0248987
0.0248579
0.0247762
0.0246535
0.0244893
0.0242835
0.0240357
0.023746
0.0234144
0.0230413
0.0252847
0.0252434
0.0251609
0.0250368
0.0248708
0.0246623
0.0244112
0.0241172
0.0237802
0.0234007
0.0257933
0.0257515
0.0256679
0.0255421
0.0253736
0.0251618
0.0249062
0.0246065
0.0242626
0.0238745
0.0264193
0.0263769
0.0262921
0.0261641
0.0259926
0.0257767
0.0255158
0.0252092
0.0248567
0.0244582
0.0271564
0.0271133
0.0270269
0.0268966
0.0267216
0.026501
0.0262338
0.0259192
0.0255567
0.025146
0.0279967
0.0279528
0.0278648
0.0277318
0.0275529
0.027327
0.0270528
0.0267292
0.0263553
0.0259308
0.0289314
0.0288866
0.0287968
0.0286609
0.0284778
0.028246
0.0279641
0.0276306
0.0272443
0.0268044
0.0299503
0.0299047
0.0298129
0.0296739
0.0294863
0.0292483
0.028958
0.0286138
0.0282139
0.0277575
0.0179319
0.0179021
0.0178425
0.0177532
0.0176343
0.0174859
0.0173083
0.0171018
0.0168671
0.0166046
0.0180125
0.0179826
0.0179227
0.017833
0.0177136
0.0175645
0.017386
0.0171785
0.0169425
0.0166786
0.0181731
0.0181429
0.0180825
0.017992
0.0178715
0.017721
0.0175408
0.0173312
0.0170927
0.016826
0.0184118
0.0183812
0.0183201
0.0182285
0.0181063
0.0179538
0.017771
0.0175584
0.0173162
0.0170452
0.0187263
0.0186953
0.0186332
0.01854
0.0184157
0.0182605
0.0180744
0.0178576
0.0176106
0.017334
0.0191134
0.0190817
0.0190183
0.0189233
0.0187965
0.0186379
0.0184476
0.0182259
0.017973
0.0176894
0.0195688
0.0195364
0.0194717
0.0193744
0.0192446
0.0190821
0.018887
0.0186594
0.0183995
0.0181079
0.0200879
0.0200547
0.0199884
0.0198886
0.0197554
0.0195885
0.0193879
0.0191536
0.0188859
0.018585
0.0206652
0.0206312
0.020563
0.0204605
0.0203235
0.0201517
0.0199451
0.0197034
0.0194269
0.0191158
0.0212946
0.0212596
0.0211895
0.021084
0.0209429
0.0207659
0.0205526
0.0203029
0.0200168
0.0196947
0.0108984
0.0108803
0.0108443
0.0107903
0.0107185
0.0106291
0.0105223
0.0103985
0.010258
0.0101013
0.0109421
0.0109239
0.0108877
0.0108335
0.0107614
0.0106715
0.0105642
0.0104398
0.0102986
0.0101412
0.011029
0.0110107
0.0109741
0.0109194
0.0108467
0.010756
0.0106477
0.0105221
0.0103795
0.0102205
0.0111583
0.0111397
0.0111027
0.0110473
0.0109735
0.0108816
0.0107718
0.0106444
0.0104998
0.0103384
0.0113285
0.0113097
0.011272
0.0112156
0.0111406
0.0110471
0.0109354
0.0108056
0.0106583
0.0104938
0.011538
0.0115188
0.0114804
0.0114228
0.0113462
0.0112508
0.0111366
0.011004
0.0108533
0.010685
0.0117845
0.0117649
0.0117255
0.0116667
0.0115882
0.0114904
0.0113734
0.0112374
0.0110828
0.0109101
0.0120655
0.0120453
0.012005
0.0119446
0.0118641
0.0117636
0.0116434
0.0115035
0.0113445
0.0111667
0.0123781
0.0123573
0.0123159
0.0122537
0.0121709
0.0120675
0.0119436
0.0117996
0.0116356
0.0114521
0.0127189
0.0126975
0.0126548
0.0125908
0.0125055
0.0123989
0.0122711
0.0121224
0.0119531
0.0117635
0.00365313
0.0036471
0.00363506
0.00361705
0.00359312
0.00356333
0.00352779
0.00348662
0.00343995
0.00338798
0.00366693
0.00366087
0.00364878
0.00363069
0.00360665
0.00357673
0.00354102
0.00349966
0.00345277
0.00340054
0.00369439
0.00368828
0.00367609
0.00365784
0.00363358
0.00360339
0.00356736
0.00352561
0.00347828
0.00342555
0.00373524
0.00372905
0.0037167
0.00369821
0.00367364
0.00364305
0.00360653
0.00356421
0.00351622
0.00346275
0.00378904
0.00378274
0.00377019
0.00375139
0.0037264
0.00369528
0.00365813
0.00361505
0.0035662
0.00351175
0.00385523
0.00384881
0.003836
0.00381682
0.00379131
0.00375955
0.00372161
0.00367761
0.0036277
0.00357204
0.00393313
0.00392657
0.00391346
0.00389383
0.00386772
0.00383519
0.00379633
0.00375125
0.00370008
0.00364301
0.00402193
0.0040152
0.00400175
0.00398161
0.00395481
0.00392142
0.00388151
0.00383519
0.00378261
0.00372392
0.00412071
0.00411379
0.00409997
0.00407926
0.0040517
0.00401735
0.00397627
0.00392858
0.00387441
0.00381394
0.00422845
0.00422133
0.0042071
0.00418577
0.00415738
0.00412198
0.00407964
0.00403045
0.00397456
0.00391215
0.0445066
0.0470024
0.0522854
0.060984
0.074162
0.0934879
0.1215
0.161997
0.220591
0.305639
0.0501943
0.0528075
0.0583297
0.067398
0.0810883
0.101083
0.129934
0.171442
0.231199
0.317501
0.0509253
0.05354
0.0590653
0.068138
0.0818338
0.101835
0.130693
0.172207
0.231969
0.318273
0.051048
0.0536625
0.0591875
0.0682598
0.0819551
0.101956
0.130813
0.172326
0.232086
0.318389
0.0510717
0.0536862
0.0592112
0.0682833
0.0819785
0.101979
0.130836
0.172348
0.232108
0.318411
0.0510732
0.0536877
0.0592126
0.0682848
0.08198
0.10198
0.130837
0.17235
0.23211
0.318413
0.0510564
0.0536709
0.0591959
0.0682681
0.0819634
0.101964
0.130821
0.172334
0.232094
0.318397
0.0509635
0.0535782
0.0591034
0.0681761
0.0818718
0.101873
0.130731
0.172245
0.232006
0.318311
0.0503705
0.0529838
0.0585064
0.0675752
0.0812662
0.101262
0.130114
0.171623
0.231381
0.317685
0.0453029
0.0478018
0.0530912
0.0617998
0.0749921
0.0943378
0.122377
0.162911
0.221555
0.306676
0.0894159
0.0916977
0.0963228
0.103406
0.113098
0.125548
0.140839
0.158871
0.179156
0.200472
0.102802
0.105212
0.110091
0.117548
0.127723
0.14075
0.156686
0.175394
0.196336
0.21822
0.104778
0.107188
0.112069
0.119527
0.129703
0.14273
0.158663
0.177365
0.198295
0.220162
0.105126
0.107536
0.112416
0.119873
0.130047
0.143071
0.159002
0.177701
0.198627
0.220488
0.105194
0.107605
0.112484
0.119941
0.130115
0.143138
0.159069
0.177767
0.198692
0.220553
0.105199
0.107609
0.112488
0.119945
0.130119
0.143143
0.159073
0.177771
0.198696
0.220557
0.10515
0.107561
0.11244
0.119897
0.130071
0.143095
0.159026
0.177724
0.19865
0.220512
0.104888
0.107298
0.112179
0.119637
0.129813
0.142839
0.158772
0.177474
0.198403
0.220269
0.103306
0.105716
0.110596
0.118054
0.128231
0.141259
0.157198
0.175909
0.196853
0.21874
0.0916986
0.0939901
0.0986352
0.105751
0.115491
0.128009
0.143397
0.161561
0.182026
0.203582
0.0954073
0.0964782
0.0985969
0.101712
0.105734
0.110522
0.115864
0.121456
0.126882
0.131598
0.11164
0.112774
0.115014
0.118302
0.122536
0.127557
0.133132
0.13893
0.144505
0.14928
0.114422
0.115554
0.117791
0.121073
0.125297
0.130305
0.135863
0.141639
0.147185
0.151925
0.114946
0.116078
0.118313
0.121592
0.125814
0.130818
0.136372
0.142143
0.147683
0.152416
0.115051
0.116183
0.118418
0.121697
0.125918
0.130922
0.136474
0.142244
0.147783
0.152515
0.115058
0.116189
0.118425
0.121704
0.125924
0.130928
0.136481
0.142251
0.14779
0.152522
0.114984
0.116115
0.118351
0.12163
0.125851
0.130856
0.136409
0.14218
0.147719
0.152452
0.114592
0.115724
0.117961
0.121242
0.125466
0.130473
0.136031
0.141806
0.147351
0.15209
0.112405
0.113539
0.115779
0.119067
0.1233
0.128321
0.133896
0.139695
0.145269
0.150045
0.0987882
0.0998588
0.101976
0.105088
0.109106
0.113888
0.119224
0.124813
0.130248
0.135015
0.084392
0.0847415
0.0854183
0.086378
0.0875521
0.0888476
0.0901463
0.0913057
0.0921627
0.0925409
0.100236
0.100599
0.101301
0.102293
0.103497
0.104812
0.106107
0.107228
0.107997
0.108225
0.103373
0.103732
0.104427
0.105406
0.106594
0.107887
0.109156
0.110245
0.110975
0.111157
0.104006
0.104364
0.105057
0.106033
0.107218
0.108507
0.10977
0.110852
0.111576
0.11175
0.104136
0.104495
0.105187
0.106163
0.107346
0.108635
0.109897
0.110978
0.111701
0.111874
0.104145
0.104503
0.105195
0.106171
0.107355
0.108643
0.109906
0.110987
0.111709
0.111882
0.104053
0.104411
0.105104
0.10608
0.107264
0.108553
0.109817
0.110898
0.111621
0.111795
0.103584
0.103943
0.104637
0.105616
0.106803
0.108096
0.109364
0.110451
0.11118
0.111361
0.101174
0.101537
0.102238
0.103227
0.104429
0.105741
0.107034
0.108151
0.108916
0.10914
0.0884947
0.0888367
0.0894982
0.0904337
0.0915742
0.0928261
0.0940718
0.0951725
0.0959747
0.0963247
0.068865
0.0689189
0.0690162
0.0691357
0.0692463
0.0693078
0.0692724
0.0690869
0.0686949
0.0680411
0.0827137
0.0827589
0.0828375
0.082926
0.0829896
0.0829841
0.0828566
0.0825484
0.0819978
0.0811444
0.0858327
0.0858733
0.0859425
0.0860168
0.0860613
0.0860316
0.0858746
0.0855314
0.0849403
0.0840406
0.0865036
0.0865432
0.0866106
0.086682
0.0867227
0.0866883
0.0865256
0.0861758
0.0855772
0.0846692
0.0866458
0.0866853
0.0867523
0.0868232
0.0868633
0.086828
0.0866643
0.0863134
0.0857135
0.084804
0.0866551
0.0866946
0.0867616
0.0868324
0.0868725
0.0868372
0.0866735
0.0863225
0.0857225
0.084813
0.0865556
0.0865952
0.0866625
0.0867337
0.0867743
0.0867396
0.0865767
0.0862266
0.0856277
0.0847193
0.0860635
0.0861038
0.0861727
0.0862463
0.08629
0.0862593
0.086101
0.0857564
0.0851636
0.0842622
0.0837288
0.0837731
0.0838496
0.083935
0.0839947
0.0839842
0.0838509
0.0835359
0.0829779
0.0821164
0.0733094
0.0733546
0.0734336
0.0735248
0.0735963
0.0736073
0.0735101
0.0732529
0.072784
0.072059
0.0535753
0.0535364
0.0534544
0.0533213
0.0531253
0.0528518
0.052484
0.0520039
0.0513938
0.050637
0.0648283
0.0647742
0.0646614
0.064481
0.0642197
0.0638614
0.0633873
0.0627777
0.0620128
0.0610745
0.0676556
0.067597
0.0674752
0.067281
0.0670015
0.0666202
0.0661186
0.0654766
0.0646747
0.0636948
0.068299
0.0682395
0.0681158
0.067919
0.0676358
0.06725
0.066743
0.0660948
0.0652859
0.0642982
0.0684388
0.0683791
0.0682551
0.0680578
0.067774
0.0673874
0.0668794
0.0662301
0.0654199
0.0644308
0.068448
0.0683884
0.0682644
0.068067
0.0677832
0.0673966
0.0668885
0.0662392
0.0654289
0.0644398
0.0683507
0.0682911
0.0681674
0.0679704
0.067687
0.0673011
0.0667938
0.0661453
0.065336
0.0643478
0.0678833
0.0678245
0.0677022
0.0675074
0.067227
0.0668446
0.0663415
0.065698
0.0648943
0.0639125
0.0658225
0.0657672
0.065652
0.0654678
0.0652016
0.0648371
0.0643557
0.0637375
0.062963
0.062014
0.0579487
0.0579021
0.0578043
0.0576468
0.057417
0.0570996
0.056677
0.0561311
0.0554448
0.0546044
0.0397464
0.0396921
0.0395821
0.0394138
0.0391833
0.0388859
0.0385165
0.0380698
0.0375409
0.0369257
0.0483033
0.0482348
0.0480963
0.0478847
0.0475958
0.0472244
0.0467648
0.0462112
0.0455583
0.0448016
0.0506515
0.0505792
0.050433
0.0502098
0.0499056
0.0495151
0.0490326
0.0484523
0.047769
0.0469783
0.0512111
0.051138
0.0509902
0.0507647
0.0504574
0.050063
0.0495759
0.0489903
0.048301
0.0475037
0.0513352
0.051262
0.0511139
0.050888
0.0505801
0.0501851
0.0496971
0.0491106
0.0484202
0.0476216
0.0513436
0.0512703
0.0511222
0.0508963
0.0505884
0.0501933
0.0497053
0.0491187
0.0484283
0.0476296
0.0512574
0.0511843
0.0510364
0.0508108
0.0505033
0.0501087
0.0496214
0.0490355
0.0483459
0.0475482
0.0508546
0.050782
0.0506353
0.0504116
0.0501065
0.0497148
0.049231
0.0486492
0.0479642
0.0471716
0.0491848
0.0491151
0.048974
0.0487587
0.0484648
0.0480871
0.04762
0.0470576
0.0463946
0.0456266
0.0436335
0.0435733
0.0434512
0.0432641
0.0430075
0.042676
0.0422633
0.0417633
0.0411699
0.040478
0.0273473
0.0273031
0.0272144
0.0270803
0.0269
0.0266721
0.0263954
0.0260689
0.0256915
0.0252629
0.0333075
0.0332526
0.0331426
0.0329765
0.0327532
0.0324715
0.0321299
0.0317274
0.031263
0.0307363
0.0350553
0.0349976
0.0348819
0.0347072
0.0344726
0.0341767
0.0338183
0.0333962
0.0329096
0.0323581
0.0354866
0.0354284
0.0353114
0.035135
0.0348981
0.0345993
0.0342374
0.0338112
0.03332
0.0327635
0.035584
0.0355256
0.0354084
0.0352317
0.0349943
0.0346949
0.0343324
0.0339054
0.0334134
0.0328559
0.0355906
0.0355322
0.035415
0.0352382
0.0350008
0.0347014
0.0343388
0.0339119
0.0334198
0.0328623
0.0355232
0.0354649
0.0353479
0.0351714
0.0349343
0.0346354
0.0342732
0.0338469
0.0333554
0.0327986
0.0352149
0.0351571
0.0350409
0.0348658
0.0346304
0.0343336
0.0339741
0.0335507
0.0330626
0.0325096
0.0339973
0.0339414
0.0338292
0.0336599
0.0334323
0.0331452
0.0327971
0.032387
0.0319138
0.0313773
0.0303841
0.0303354
0.0302376
0.0300895
0.0298896
0.029636
0.0293267
0.0289593
0.0285316
0.0280411
0.0159977
0.0159705
0.015916
0.0158341
0.0157245
0.0155872
0.015422
0.0152288
0.0150077
0.0147592
0.0195022
0.0194686
0.0194013
0.0193002
0.019165
0.0189957
0.0187921
0.0185543
0.0182823
0.0179768
0.0205765
0.0205411
0.0204703
0.020364
0.0202219
0.020044
0.0198302
0.0195804
0.0192951
0.0189745
0.0208479
0.0208122
0.0207407
0.0206332
0.0204897
0.02031
0.0200939
0.0198417
0.0195535
0.0192298
0.0209099
0.0208741
0.0208024
0.0206947
0.0205509
0.0203708
0.0201544
0.0199017
0.0196129
0.0192887
0.0209141
0.0208783
0.0208066
0.0206989
0.0205551
0.020375
0.0201586
0.0199058
0.019617
0.0192927
0.0208713
0.0208356
0.020764
0.0206565
0.0205129
0.020333
0.0201169
0.0198645
0.0195761
0.0192522
0.0206783
0.0206428
0.0205718
0.0204651
0.0203225
0.020144
0.0199294
0.0196789
0.0193925
0.0190709
0.0199406
0.0199063
0.0198375
0.0197342
0.0195961
0.0194231
0.0192151
0.0189721
0.0186942
0.018382
0.017918
0.0178876
0.0178268
0.017735
0.0176118
0.0174566
0.0172686
0.0170471
0.0167911
0.0164994
0.00526527
0.00525619
0.00523802
0.00521075
0.00517438
0.00512891
0.00507438
0.00501084
0.00493842
0.00485728
0.00642056
0.00640936
0.00638695
0.00635332
0.00630849
0.00625247
0.00618531
0.00610711
0.00601802
0.00591825
0.00678264
0.00677085
0.00674727
0.00671191
0.00666476
0.00660586
0.00653527
0.00645309
0.0063595
0.00625473
0.00687522
0.00686331
0.00683948
0.00680374
0.00675609
0.00669657
0.00662525
0.00654222
0.00644766
0.00634182
0.00689646
0.00688452
0.00686065
0.00682483
0.00677709
0.00671746
0.00664599
0.0065628
0.00646806
0.00636201
0.00689791
0.00688598
0.0068621
0.00682628
0.00677854
0.0067189
0.00664742
0.00656422
0.00646947
0.00636342
0.00688327
0.00687135
0.00684751
0.00681174
0.00676407
0.00670451
0.00663314
0.00655006
0.00645544
0.00634954
0.0068176
0.00680577
0.00678211
0.00674661
0.0066993
0.00664018
0.00656934
0.00648687
0.00639294
0.00628779
0.00657079
0.00655933
0.00653639
0.00650199
0.00645611
0.00639878
0.00633004
0.00624999
0.00615877
0.00605661
0.00591991
0.00590957
0.00588882
0.00585756
0.00581565
0.00576288
0.00569904
0.00562388
0.00553716
0.00543856
0.0220228
0.022611
0.0238223
0.0257246
0.0284183
0.0320296
0.0366877
0.0424686
0.0492496
0.0563572
0.0197213
0.0201363
0.0209805
0.0222783
0.0240581
0.0263367
0.0290883
0.0321867
0.035305
0.0377767
0.0177388
0.0180208
0.0185863
0.0194336
0.0205504
0.0218968
0.0233769
0.0247893
0.0257477
0.0255587
0.0160771
0.0162624
0.0166279
0.0171594
0.0178265
0.0185696
0.0192771
0.0197505
0.0196499
0.0184101
0.0147215
0.01484
0.0150693
0.0153914
0.0157727
0.0161548
0.0164407
0.0164741
0.0160128
0.0146942
0.0136478
0.0137221
0.0138628
0.0140529
0.0142625
0.0144441
0.0145251
0.0143996
0.0139211
0.0129006
0.0128286
0.0128747
0.0129601
0.0130703
0.0131815
0.0132583
0.0132509
0.0130942
0.0127094
0.012015
0.0122384
0.0122674
0.0123196
0.0123833
0.01244
0.0124641
0.0124221
0.012275
0.0119823
0.0115141
0.0118566
0.0118759
0.0119096
0.0119478
0.011976
0.0119743
0.0119188
0.0117837
0.0115457
0.0111925
0.0116693
0.0116841
0.0117095
0.0117365
0.0117523
0.0117397
0.0116787
0.0115481
0.0113281
0.0110041
0.0516075
0.0522541
0.0535489
0.0554901
0.0580725
0.0612875
0.0651346
0.0696732
0.0751997
0.0828008
0.0475857
0.0480812
0.0490687
0.0505374
0.0524676
0.0548263
0.0575603
0.0605797
0.0636929
0.0663194
0.0440554
0.0444319
0.0451791
0.0462823
0.0477157
0.0494369
0.051375
0.0534048
0.0552827
0.0564919
0.041026
0.0413116
0.0418761
0.0427044
0.0437707
0.0450344
0.0464321
0.0478633
0.049167
0.0500948
0.0384866
0.0387034
0.0391304
0.039753
0.0405473
0.0414773
0.0424906
0.0435119
0.0444376
0.0451409
0.0364156
0.0365805
0.0369037
0.0373711
0.0379604
0.0386388
0.0393607
0.0400644
0.0406699
0.0410812
0.0347891
0.0349152
0.0351604
0.0355109
0.0359448
0.0364309
0.0369271
0.0373792
0.0377204
0.0378723
0.0335867
0.0336846
0.0338731
0.0341382
0.0344575
0.0348
0.035125
0.0353825
0.0355165
0.0354726
0.0327929
0.0328722
0.0330233
0.0332315
0.0334737
0.0337178
0.0339216
0.0340338
0.0339972
0.0337639
0.0323983
0.0324682
0.0326005
0.03278
0.0329827
0.0331751
0.033312
0.0333342
0.0331633
0.0326879
0.0637412
0.0640507
0.0646364
0.0654199
0.0662514
0.0668504
0.0666702
0.0645744
0.0580115
0.0407706
0.060269
0.0605343
0.0610431
0.061747
0.0625648
0.0633747
0.0640169
0.0643587
0.0646226
0.0667291
0.0572478
0.0574972
0.0579894
0.0587132
0.0596625
0.0608611
0.0624255
0.0647227
0.0687491
0.0769821
0.0546556
0.0548993
0.055391
0.0561441
0.0571954
0.0586323
0.0606478
0.063639
0.0683649
0.0761257
0.0524592
0.052694
0.053172
0.0539138
0.0549629
0.0564017
0.0583775
0.0611305
0.0650031
0.0703538
0.0506322
0.0508508
0.0512949
0.0519809
0.0529391
0.0542196
0.0558969
0.0580643
0.0607985
0.0640572
0.049162
0.0493588
0.0497553
0.0503588
0.0511814
0.052239
0.0535481
0.0551125
0.0568926
0.0587465
0.0480483
0.0482225
0.0485693
0.0490871
0.049771
0.050611
0.0515855
0.052652
0.0537332
0.0547043
0.0472982
0.0474538
0.0477603
0.0482087
0.0487822
0.0494523
0.0501724
0.0508701
0.0514414
0.0517643
0.0469203
0.0470653
0.0473492
0.0477589
0.0482711
0.0488467
0.0494234
0.0499023
0.0501274
0.0498458
0.0647745
0.0648667
0.0650184
0.0651581
0.0651547
0.0647775
0.0636128
0.0608888
0.0550874
0.0430426
0.0624791
0.062579
0.0627561
0.0629628
0.0631178
0.0630929
0.062695
0.0616505
0.0596312
0.0564707
0.060532
0.060664
0.0609197
0.0612857
0.0617471
0.0623
0.0629844
0.0639638
0.0657202
0.0695172
0.0588988
0.0590693
0.0594142
0.0599468
0.0606991
0.0617431
0.0632311
0.0654712
0.0690603
0.0750959
0.0575342
0.0577354
0.0581476
0.0587963
0.0597311
0.0610423
0.0628878
0.0655323
0.0693949
0.0750839
0.0564022
0.0566196
0.0570645
0.0577622
0.0587575
0.0601233
0.0619728
0.0644693
0.0678269
0.0722794
0.055485
0.0557048
0.0561516
0.0568432
0.0578085
0.0590908
0.0607486
0.0628533
0.0654761
0.0686528
0.0547815
0.0549951
0.0554251
0.0560798
0.0569705
0.0581105
0.0595116
0.061178
0.0630965
0.0652243
0.0543014
0.0545062
0.0549149
0.0555275
0.0563405
0.0573434
0.0585117
0.0597978
0.0611219
0.0623778
0.0540571
0.0542555
0.0546501
0.0552357
0.0560004
0.0569191
0.0579442
0.0589874
0.0598905
0.060366
0.0597632
0.059779
0.0597898
0.0597531
0.0595929
0.0591807
0.058298
0.0565599
0.0532548
0.0469827
0.0584964
0.0585323
0.0585887
0.0586354
0.0586208
0.0584643
0.0580453
0.0571899
0.0556723
0.0532899
0.0574689
0.0575421
0.0576815
0.0578762
0.0581108
0.0583704
0.0586514
0.0589911
0.0595385
0.0607223
0.0566517
0.0567682
0.0570018
0.0573587
0.0578533
0.058518
0.059421
0.0606989
0.062612
0.0656308
0.0560048
0.0561604
0.0564767
0.0569701
0.0576703
0.0586298
0.0599382
0.0617432
0.0642786
0.0678925
0.0554921
0.0556766
0.0560521
0.0566376
0.0574651
0.0585861
0.0600796
0.0620621
0.0646969
0.0681965
0.0550893
0.0552912
0.0557008
0.0563343
0.057218
0.0583906
0.059907
0.061841
0.0642857
0.0673491
0.0547851
0.0549952
0.055419
0.056068
0.056959
0.0581147
0.0595632
0.0613369
0.0634715
0.0660053
0.0545785
0.0547909
0.0552173
0.0558646
0.0567405
0.057853
0.0592059
0.0607952
0.062603
0.0646012
0.0544731
0.0546849
0.0551102
0.0557523
0.0566136
0.0576924
0.0589766
0.0604332
0.0619883
0.063488
0.0514226
0.051425
0.0514193
0.0513861
0.0512916
0.0510816
0.0506688
0.0499105
0.0485605
0.0461658
0.0508458
0.0508659
0.0508977
0.0509265
0.0509271
0.0508615
0.0506743
0.0502883
0.0496044
0.0485267
0.0504167
0.0504644
0.0505551
0.0506817
0.0508334
0.0509964
0.0511569
0.051308
0.0514682
0.0517249
0.050117
0.0501972
0.0503563
0.0505949
0.0509155
0.0513246
0.0518381
0.0524898
0.053345
0.0545202
0.0499193
0.0500315
0.0502569
0.0506022
0.0510783
0.051704
0.0525098
0.0535443
0.0548814
0.0566271
0.0497947
0.0499346
0.0502167
0.0506507
0.0512518
0.0520431
0.0530588
0.0543471
0.055974
0.0580248
0.0497187
0.0498801
0.0502056
0.0507059
0.0513967
0.0523009
0.0534499
0.0548845
0.0566566
0.0588283
0.0496734
0.0498498
0.0502053
0.0507501
0.0514989
0.0524721
0.0536957
0.055202
0.0570286
0.0592169
0.0496475
0.049833
0.0502067
0.0507778
0.0515597
0.0525697
0.0538295
0.055364
0.0572003
0.0593661
0.0496353
0.0498243
0.0502062
0.0507893
0.0515856
0.052611
0.0538842
0.0554262
0.057259
0.0594036
0.0411554
0.0411582
0.0411596
0.0411533
0.0411291
0.0410725
0.0409649
0.0407835
0.0405046
0.0401121
0.0409624
0.0409772
0.041003
0.0410343
0.0410618
0.0410725
0.0410493
0.0409702
0.0408085
0.040533
0.0408513
0.0408828
0.0409427
0.0410271
0.0411294
0.0412402
0.0413467
0.0414314
0.04147
0.0414251
0.0408127
0.0408641
0.0409646
0.0411126
0.0413048
0.0415364
0.0418003
0.0420864
0.0423788
0.0426518
0.0408308
0.0409034
0.0410472
0.0412629
0.0415508
0.0419108
0.042342
0.0428418
0.0434042
0.0440178
0.0408863
0.0409794
0.0411655
0.0414472
0.0418283
0.0423132
0.0429067
0.0436134
0.0444357
0.0453728
0.0409591
0.0410708
0.0412948
0.041636
0.0421012
0.0426993
0.0434409
0.0443374
0.0453988
0.0466307
0.0410313
0.0411581
0.0414131
0.0418033
0.0423385
0.043032
0.0439011
0.0449657
0.0462465
0.0477578
0.0410878
0.0412252
0.0415023
0.0419277
0.0425138
0.0432787
0.044247
0.0454512
0.0469322
0.0487326
0.0411182
0.0412605
0.0415491
0.0419929
0.0426063
0.0434104
0.0444363
0.0457299
0.0473628
0.0494553
0.0297947
0.0297944
0.0297924
0.0297878
0.0297799
0.0297696
0.0297634
0.0297802
0.0298677
0.0301409
0.0297698
0.0297762
0.0297872
0.0298013
0.0298162
0.0298296
0.0298399
0.0298478
0.0298563
0.0298646
0.0297853
0.0297999
0.0298272
0.0298648
0.0299085
0.0299521
0.0299861
0.0299947
0.0299487
0.029788
0.0298374
0.0298621
0.0299094
0.0299765
0.0300586
0.0301474
0.0302299
0.0302845
0.0302753
0.030143
0.0299182
0.0299546
0.0300254
0.0301283
0.030259
0.03041
0.0305691
0.0307164
0.0308211
0.0308374
0.0300166
0.0300657
0.0301622
0.0303052
0.0304923
0.0307189
0.0309767
0.0312516
0.0315212
0.031752
0.0301192
0.0301809
0.0303033
0.0304875
0.030734
0.0310428
0.0314118
0.0318358
0.0323027
0.0327897
0.030212
0.0302848
0.0304307
0.0306528
0.0309552
0.0313436
0.0318249
0.032406
0.0330905
0.0338713
0.0302819
0.0303632
0.0305271
0.0307786
0.0311256
0.03158
0.0321587
0.0328856
0.0337917
0.0349083
0.0303192
0.0304047
0.0305783
0.0308461
0.0312184
0.0317112
0.0323502
0.0331762
0.0342584
0.0357214
0.017928
0.0179217
0.0179084
0.0178878
0.0178603
0.0178281
0.0177983
0.0177893
0.0178437
0.01806
0.0179463
0.0179426
0.0179341
0.0179198
0.0178982
0.017868
0.017829
0.0177832
0.0177348
0.0176855
0.0179818
0.0179811
0.017978
0.0179704
0.0179543
0.0179242
0.0178713
0.0177819
0.0176312
0.0173691
0.0180333
0.0180364
0.0180405
0.0180425
0.0180369
0.018015
0.0179632
0.0178605
0.0176734
0.017349
0.0180978
0.0181058
0.0181196
0.0181358
0.0181484
0.0181479
0.0181195
0.0180412
0.0178808
0.0175928
0.0181698
0.0181838
0.0182097
0.0182445
0.018283
0.0183167
0.0183327
0.0183116
0.0182255
0.0180358
0.0182422
0.0182626
0.0183019
0.0183581
0.0184277
0.0185048
0.0185803
0.0186404
0.0186636
0.0186177
0.0183065
0.0183332
0.0183854
0.0184628
0.0185642
0.0186874
0.0188294
0.0189845
0.0191418
0.0192799
0.0183548
0.0183863
0.018449
0.0185437
0.0186718
0.0188354
0.0190384
0.0192868
0.0195886
0.0199488
0.0183805
0.0184145
0.018483
0.0185876
0.0187312
0.0189192
0.0191611
0.0194748
0.0198941
0.0204869
0.00596063
0.00595492
0.00594288
0.00592354
0.00589553
0.00585724
0.00580738
0.00574625
0.00567885
0.00562251
0.00596982
0.00596449
0.00595305
0.00593412
0.00590551
0.00586415
0.00580586
0.00572508
0.0056139
0.00545911
0.00598366
0.00597877
0.00596794
0.00594927
0.00591953
0.00587378
0.00580451
0.00570015
0.0055421
0.00529855
0.00600198
0.00599777
0.00598809
0.00597058
0.00594118
0.00589354
0.00581793
0.00569951
0.00551556
0.00523129
0.00602401
0.00602088
0.00601324
0.00599849
0.00597218
0.00592728
0.00585317
0.00573392
0.00554601
0.00525541
0.00604821
0.00604658
0.00604192
0.00603168
0.00601141
0.00597417
0.00590944
0.00580152
0.00562742
0.00535398
0.00607237
0.00607251
0.00607149
0.00606701
0.00605504
0.00602928
0.00598012
0.0058931
0.00574658
0.00550841
0.00609384
0.00609575
0.00609846
0.00610005
0.00609719
0.00608463
0.00605441
0.00599434
0.00588559
0.00569845
0.00610994
0.00611329
0.00611909
0.00612584
0.00613092
0.00613038
0.00611832
0.00608598
0.00601994
0.00589785
0.00611853
0.00612262
0.00613018
0.0061399
0.00614971
0.00615655
0.0061563
0.00614374
0.00611313
0.00606062
0.00934661
0.0093024
0.00924618
0.00917733
0.00909534
0.00899986
0.00889067
0.00876769
0.00863102
0.00848093
0.00979585
0.00975953
0.0097093
0.00964433
0.00956395
0.00946764
0.00935506
0.00922607
0.00908075
0.00891937
0.0107583
0.010741
0.0107056
0.0106508
0.0105754
0.0104785
0.0103595
0.0102182
0.0100544
0.00986857
0.0123759
0.0123969
0.0123922
0.0123595
0.0122968
0.0122024
0.0120753
0.0119146
0.0117202
0.0114924
0.0149015
0.0149959
0.0150519
0.0150652
0.0150321
0.0149496
0.0148152
0.0146277
0.0143863
0.0140916
0.0187579
0.0189918
0.0191663
0.0192731
0.0193052
0.0192566
0.0191228
0.0189011
0.0185901
0.0181902
0.0246403
0.0251411
0.0255468
0.0258413
0.026011
0.0260446
0.0259336
0.0256727
0.0252594
0.0246941
0.033692
0.0347092
0.0355683
0.0362375
0.0366902
0.0369058
0.0368691
0.0365706
0.0360061
0.0351767
0.047804
0.049842
0.0515988
0.053011
0.0540305
0.0546228
0.0547643
0.0544414
0.0536488
0.0523892
0.0701368
0.0742545
0.0777942
0.0806484
0.0827517
0.0840649
0.0845656
0.0842424
0.0830918
0.0811185
0.0235743
0.0234158
0.0232344
0.0230293
0.0227999
0.0225458
0.0222669
0.0219632
0.0216351
0.0212832
0.024293
0.0241401
0.0239619
0.0237575
0.0235261
0.0232672
0.0229804
0.022666
0.0223241
0.0219554
0.0257779
0.0256382
0.0254683
0.0252666
0.0250321
0.0247639
0.0244617
0.0241252
0.0237548
0.0233512
0.028127
0.0280125
0.0278594
0.0276655
0.027429
0.0271485
0.0268232
0.0264528
0.0260375
0.025578
0.0314946
0.0314249
0.031304
0.0311283
0.0308948
0.0306014
0.0302464
0.029829
0.0293494
0.0288084
0.0360987
0.0361058
0.0360432
0.0359051
0.0356867
0.035384
0.0349943
0.034516
0.0339491
0.0332944
0.042227
0.0423622
0.042401
0.0423342
0.0421536
0.0418528
0.0414271
0.0408736
0.0401916
0.0393823
0.0502345
0.0505774
0.0507864
0.0508461
0.0507435
0.0504677
0.050011
0.0493684
0.0485383
0.0475221
0.0605197
0.0611905
0.0616745
0.0619469
0.0619864
0.0617759
0.0613028
0.0605593
0.0595424
0.0582537
0.0734521
0.0746221
0.075531
0.0761394
0.0764143
0.0763295
0.0758665
0.0750134
0.0737656
0.0721256
0.0310467
0.0308013
0.0305336
0.0302432
0.0299297
0.029593
0.0292332
0.0288505
0.0284454
0.0280185
0.0316585
0.0314136
0.0311448
0.0308517
0.0305339
0.0301912
0.0298235
0.0294313
0.0290148
0.0285748
0.0328992
0.0326558
0.0323855
0.0320875
0.0317614
0.0314067
0.0310234
0.0306118
0.0301722
0.0297054
0.0348019
0.0345625
0.0342913
0.0339871
0.0336492
0.0332769
0.0328702
0.032429
0.031954
0.0314458
0.0374146
0.0371838
0.0369141
0.0366038
0.0362517
0.0358568
0.0354188
0.0349377
0.0344138
0.0338482
0.040797
0.0405825
0.0403193
0.0400051
0.039638
0.0392164
0.0387397
0.0382075
0.0376204
0.0369794
0.0450149
0.0448284
0.0445804
0.0442674
0.0438865
0.0434355
0.0429131
0.0423186
0.0416526
0.0409161
0.0501309
0.0499888
0.0497688
0.0494658
0.0490753
0.0485941
0.0480201
0.0473521
0.0465903
0.0457364
0.0561891
0.0561133
0.055939
0.0556587
0.0552661
0.0547563
0.0541261
0.0533736
0.0524988
0.0515034
0.0631946
0.0632114
0.0631045
0.0628634
0.0624791
0.0619447
0.0612554
0.0604083
0.0594032
0.0582419
0.0330755
0.032797
0.0325006
0.0321862
0.0318539
0.0315037
0.0311357
0.0307504
0.030348
0.0299293
0.0335095
0.0332291
0.0329301
0.0326123
0.0322757
0.0319204
0.0315465
0.0311543
0.0307443
0.0303171
0.0343809
0.034097
0.0337928
0.0334683
0.0331233
0.0327578
0.0323719
0.0319661
0.0315407
0.0310963
0.0356956
0.0354067
0.0350953
0.0347609
0.0344034
0.0340228
0.0336191
0.0331927
0.0327439
0.0322736
0.0374606
0.037166
0.0368456
0.0364987
0.036125
0.0357244
0.035297
0.034843
0.0343629
0.0338575
0.0396828
0.0393825
0.0390519
0.0386902
0.038297
0.0378719
0.037415
0.0369264
0.0364067
0.0358567
0.0423659
0.0420605
0.0417194
0.0413414
0.0409258
0.040472
0.03998
0.0394499
0.0388822
0.0382779
0.0455071
0.0451983
0.044847
0.0444519
0.0440116
0.0435254
0.042993
0.0424145
0.0417906
0.0411222
0.0490932
0.0487835
0.0484233
0.0480108
0.0475441
0.0470223
0.0464448
0.0458115
0.0451231
0.0443808
0.0530967
0.052789
0.0524218
0.0519923
0.0514983
0.0509382
0.0503112
0.0496173
0.0488568
0.0480313
0.0314666
0.0311994
0.0309189
0.030625
0.030318
0.029998
0.0296653
0.02932
0.0289627
0.0285937
0.0317554
0.031486
0.0312029
0.0309062
0.0305959
0.0302722
0.0299354
0.0295858
0.0292237
0.0288495
0.0323323
0.0320586
0.0317705
0.031468
0.0311512
0.0308203
0.0304754
0.030117
0.0297453
0.0293608
0.0331955
0.0329155
0.0326201
0.0323091
0.0319826
0.0316408
0.0312839
0.0309123
0.0305262
0.0301263
0.0343418
0.0340537
0.0337486
0.0334265
0.0330873
0.0327312
0.0323584
0.0319692
0.0315641
0.0311435
0.0357659
0.0354681
0.0351513
0.0348156
0.0344608
0.034087
0.0336945
0.0332836
0.0328546
0.0324083
0.0374596
0.0371506
0.0368204
0.0364688
0.0360957
0.0357011
0.0352852
0.0348484
0.0343911
0.033914
0.0394108
0.0390895
0.0387443
0.0383748
0.0379809
0.0375626
0.03712
0.0366534
0.0361634
0.0356506
0.0416028
0.0412683
0.0409068
0.0405178
0.0401009
0.0396562
0.0391837
0.0386837
0.0381568
0.0376038
0.0440136
0.0436653
0.0432864
0.0428763
0.0424346
0.0419611
0.0414559
0.0409192
0.0403518
0.0397543
0.0276012
0.0273713
0.0271317
0.0268824
0.0266237
0.0263557
0.0260786
0.0257927
0.0254984
0.0251958
0.0277886
0.027557
0.0273155
0.0270641
0.0268032
0.0265327
0.0262531
0.0259645
0.0256672
0.0253616
0.0281623
0.0279272
0.0276819
0.0274265
0.027161
0.0268858
0.0266011
0.026307
0.0260039
0.0256921
0.0287194
0.0284792
0.0282283
0.0279667
0.0276947
0.0274123
0.0271199
0.0268177
0.0265059
0.026185
0.0294555
0.0292086
0.0289503
0.0286807
0.0283999
0.0281082
0.0278057
0.0274926
0.0271695
0.0268365
0.0303646
0.0301095
0.0298421
0.0295627
0.0292711
0.0289678
0.0286528
0.0283265
0.0279891
0.0276412
0.0314386
0.0311739
0.030896
0.0306049
0.0303008
0.0299837
0.029654
0.029312
0.0289579
0.0285923
0.0326674
0.0323919
0.032102
0.0317977
0.0314792
0.0311466
0.0308001
0.0304401
0.0300668
0.0296808
0.0340388
0.0337513
0.0334482
0.0331293
0.0327948
0.0324448
0.0320796
0.0316995
0.0313048
0.0308961
0.0355381
0.0352377
0.0349202
0.0345854
0.0342336
0.0338647
0.033479
0.033077
0.0326589
0.0322253
0.0223888
0.0222078
0.0220198
0.0218251
0.0216236
0.0214157
0.0212014
0.020981
0.0207546
0.0205226
0.0225081
0.0223259
0.0221367
0.0219406
0.0217377
0.0215283
0.0213124
0.0210903
0.0208623
0.0206284
0.0227458
0.0225613
0.0223695
0.0221707
0.021965
0.0217525
0.0215335
0.0213081
0.0210766
0.0208391
0.0230997
0.0229116
0.0227161
0.0225132
0.0223033
0.0220864
0.0218627
0.0216324
0.0213957
0.0211528
0.0235663
0.0233735
0.023173
0.022965
0.0227494
0.0225266
0.0222967
0.0220599
0.0218165
0.0215666
0.0241411
0.0239426
0.0237361
0.0235215
0.0232991
0.0230691
0.0228315
0.0225867
0.0223349
0.0220763
0.0248184
0.0246133
0.0243996
0.0241774
0.0239469
0.0237083
0.0234618
0.0232076
0.0229459
0.022677
0.0255914
0.0253786
0.0251568
0.0249259
0.0246863
0.024438
0.0241812
0.0239162
0.0236433
0.0233627
0.0264519
0.0262307
0.0259998
0.0257593
0.0255095
0.0252503
0.0249822
0.0247052
0.0244198
0.0241261
0.0273908
0.0271604
0.0269197
0.0266687
0.0264077
0.0261368
0.0258563
0.0255663
0.0252671
0.0249592
0.0163981
0.0162694
0.016136
0.0159981
0.0158557
0.015709
0.015558
0.015403
0.015244
0.0150813
0.0164709
0.0163415
0.0162073
0.0160686
0.0159253
0.0157777
0.0156258
0.0154698
0.0153099
0.0151461
0.0166159
0.016485
0.0163493
0.0162089
0.0160639
0.0159145
0.0157608
0.0156029
0.0154409
0.0152751
0.0168316
0.0166985
0.0165604
0.0164176
0.0162701
0.0161181
0.0159616
0.0158008
0.0156359
0.015467
0.0171158
0.0169798
0.0168387
0.0166927
0.0165418
0.0163863
0.0162262
0.0160617
0.0158928
0.0157199
0.0174656
0.017326
0.0171812
0.0170313
0.0168763
0.0167165
0.0165519
0.0163827
0.0162091
0.0160312
0.0178775
0.0177337
0.0175845
0.0174299
0.0172701
0.0171052
0.0169354
0.0167608
0.0165815
0.0163978
0.0183471
0.0181985
0.0180443
0.0178845
0.0177192
0.0175486
0.0173727
0.0171919
0.0170062
0.0168158
0.0188695
0.0187157
0.0185559
0.0183902
0.0182188
0.0180418
0.0178593
0.0176716
0.0174787
0.0172809
0.0194393
0.0192797
0.0191139
0.0189418
0.0187638
0.0185798
0.0183901
0.0181948
0.0179941
0.0177882
0.00997836
0.00990182
0.00982258
0.0097407
0.00965626
0.00956932
0.00947995
0.00938824
0.00929427
0.00919812
0.0100176
0.00994061
0.00986095
0.00977864
0.00969375
0.00960634
0.00951649
0.00942428
0.00932979
0.00923311
0.0100956
0.0100179
0.00993736
0.00985419
0.00976839
0.00968005
0.00958923
0.00949603
0.00940052
0.00930278
0.0102117
0.0101327
0.010051
0.00996655
0.00987941
0.00978969
0.00969744
0.00960275
0.00950571
0.00940641
0.0103646
0.0102841
0.0102007
0.0101146
0.0100257
0.00993413
0.00983999
0.00974335
0.0096443
0.00954293
0.0105527
0.0104703
0.010385
0.0102967
0.0102057
0.0101119
0.0100154
0.00991639
0.00981487
0.00971095
0.0107742
0.0106896
0.0106019
0.0105112
0.0104176
0.0103211
0.0102219
0.0101201
0.0100156
0.00990873
0.0110267
0.0109395
0.0108491
0.0107557
0.0106592
0.0105597
0.0104574
0.0103523
0.0102446
0.0101342
0.0113076
0.0112176
0.0111242
0.0110277
0.0109279
0.0108251
0.0107194
0.0106107
0.0104993
0.0103852
0.011614
0.0115209
0.0114243
0.0113243
0.0112211
0.0111147
0.0110051
0.0108926
0.0107771
0.0106589
0.00334721
0.00332185
0.0032956
0.00326849
0.00324054
0.00321178
0.00318222
0.0031519
0.00312084
0.00308907
0.00335957
0.00333408
0.0033077
0.00328046
0.00325237
0.00322346
0.00319376
0.00316328
0.00313206
0.00310012
0.00338418
0.00335844
0.00333181
0.00330429
0.00327592
0.00324672
0.00321672
0.00318594
0.0031544
0.00312214
0.00342078
0.00339467
0.00336765
0.00333974
0.00331095
0.00328132
0.00325087
0.00321963
0.00318763
0.00315488
0.003469
0.00344241
0.00341487
0.00338643
0.0033571
0.0033269
0.00329587
0.00326403
0.0032314
0.00319802
0.00352834
0.00350114
0.00347298
0.00344389
0.00341389
0.00338299
0.00335124
0.00331866
0.00328527
0.00325111
0.00359818
0.00357028
0.00354139
0.00351153
0.00348073
0.00344902
0.00341642
0.00338297
0.00334868
0.0033136
0.00367781
0.0036491
0.00361937
0.00358865
0.00355695
0.0035243
0.00349074
0.00345629
0.00342099
0.00338485
0.0037664
0.0037368
0.00370614
0.00367445
0.00364175
0.00360807
0.00357344
0.00353788
0.00350144
0.00346414
0.00386306
0.00383248
0.00380081
0.00376806
0.00373427
0.00369946
0.00366366
0.0036269
0.00358922
0.00355065
0.394421
0.437484
0.471592
0.49773
0.516655
0.528914
0.534868
0.534702
0.52843
0.515896
0.407138
0.450662
0.485159
0.511603
0.530738
0.543106
0.549063
0.548791
0.542304
0.529446
0.407909
0.451431
0.485926
0.512366
0.531496
0.543858
0.549807
0.549526
0.543028
0.530158
0.408023
0.451545
0.486039
0.512478
0.531607
0.543967
0.549916
0.549634
0.543135
0.530264
0.408045
0.451567
0.486061
0.5125
0.531628
0.543989
0.549937
0.549656
0.543156
0.530285
0.408047
0.451568
0.486062
0.512501
0.53163
0.54399
0.549939
0.549657
0.543158
0.530286
0.408031
0.451553
0.486047
0.512486
0.531615
0.543975
0.549924
0.549642
0.543143
0.530272
0.407946
0.451468
0.485963
0.512403
0.531532
0.543894
0.549844
0.549563
0.543065
0.530194
0.407322
0.450847
0.485345
0.511789
0.530925
0.543293
0.549251
0.548979
0.542492
0.529633
0.395534
0.438649
0.472818
0.49902
0.518008
0.530324
0.536327
0.536199
0.529952
0.517433
0.21462
0.222201
0.228587
0.23356
0.236958
0.238663
0.238594
0.236703
0.23297
0.227406
0.232652
0.240361
0.246825
0.251821
0.255181
0.256784
0.256546
0.254416
0.250376
0.244435
0.234576
0.242273
0.248723
0.253703
0.257046
0.25863
0.258371
0.256219
0.252154
0.246186
0.234899
0.242593
0.249042
0.25402
0.25736
0.258941
0.258679
0.256524
0.252456
0.246486
0.234963
0.242657
0.249105
0.254082
0.257422
0.259003
0.258741
0.256585
0.252517
0.246546
0.234967
0.242661
0.249109
0.254086
0.257426
0.259007
0.258745
0.256589
0.252521
0.24655
0.234922
0.242617
0.249065
0.254043
0.257383
0.258964
0.258702
0.256547
0.252479
0.246508
0.234683
0.242379
0.248829
0.253809
0.257152
0.258735
0.258475
0.256323
0.252258
0.24629
0.233175
0.240885
0.24735
0.252347
0.255708
0.257312
0.257074
0.254944
0.250904
0.244962
0.217948
0.225675
0.232214
0.237344
0.240894
0.242736
0.24278
0.24097
0.237283
0.231729
0.133995
0.135093
0.135801
0.136072
0.135869
0.135162
0.133928
0.132154
0.129835
0.126977
0.151631
0.152675
0.153299
0.153457
0.153108
0.152221
0.150773
0.14875
0.146149
0.142973
0.154245
0.155268
0.15587
0.156005
0.155631
0.154717
0.153241
0.151189
0.148556
0.145348
0.15473
0.15575
0.156349
0.15648
0.156102
0.155185
0.153704
0.151648
0.149011
0.145799
0.154829
0.155848
0.156447
0.156577
0.156198
0.15528
0.1538
0.151743
0.149105
0.145892
0.154835
0.155855
0.156453
0.156583
0.156205
0.155287
0.153806
0.151749
0.149111
0.145898
0.154766
0.155786
0.156385
0.156515
0.156138
0.15522
0.15374
0.151683
0.149046
0.145833
0.154408
0.155431
0.156033
0.156167
0.155792
0.154878
0.153401
0.151348
0.148715
0.145506
0.152397
0.153441
0.154065
0.154223
0.153874
0.152986
0.151538
0.149514
0.146911
0.143734
0.137532
0.138728
0.139599
0.14007
0.140076
0.139564
0.138495
0.136843
0.134602
0.131773
0.0923429
0.0920831
0.0916707
0.091096
0.0903507
0.0894287
0.0883259
0.0870404
0.0855728
0.0839261
0.107865
0.107493
0.106953
0.106234
0.105328
0.104228
0.10293
0.101432
0.0997348
0.0978421
0.110761
0.110365
0.1098
0.109055
0.108121
0.106993
0.105664
0.104135
0.102406
0.100479
0.111347
0.110948
0.110378
0.109629
0.108691
0.107557
0.106225
0.10469
0.102956
0.101025
0.11147
0.11107
0.1105
0.10975
0.108811
0.107677
0.106343
0.104808
0.103073
0.10114
0.111478
0.111078
0.110508
0.109758
0.108819
0.107684
0.106351
0.104816
0.103081
0.101148
0.111392
0.110993
0.110423
0.109674
0.108735
0.107602
0.106269
0.104734
0.103
0.101068
0.110963
0.110567
0.110001
0.109255
0.108321
0.107191
0.105862
0.104332
0.102601
0.100674
0.108777
0.108404
0.107862
0.107141
0.106232
0.10513
0.103829
0.102328
0.100628
0.0987319
0.0961613
0.0959419
0.0956053
0.0951313
0.0944976
0.0936841
0.0926748
0.0914595
0.0900344
0.0884011
0.0673509
0.0668742
0.066332
0.0657221
0.0650429
0.0642932
0.0634726
0.0625813
0.0616204
0.0605914
0.0802796
0.0796893
0.0790248
0.0782835
0.0774639
0.0765647
0.0755856
0.0745269
0.0733899
0.0721763
0.0831387
0.0825251
0.0818362
0.0810696
0.0802235
0.0792969
0.0782895
0.0772015
0.0760342
0.0747896
0.0837607
0.083143
0.0824498
0.0816788
0.0808282
0.079897
0.0788847
0.0777918
0.0766194
0.0753696
0.0838944
0.083276
0.0825821
0.0818104
0.080959
0.080027
0.0790138
0.0779201
0.0767469
0.0754961
0.0839033
0.0832849
0.082591
0.0818192
0.0809678
0.0800357
0.0790226
0.0779288
0.0767555
0.0755047
0.0838104
0.0831926
0.0824992
0.081728
0.0808772
0.0799458
0.0789333
0.0778401
0.0766675
0.0754174
0.0833588
0.0827443
0.0820545
0.0812869
0.0804399
0.0795122
0.0785037
0.0774146
0.0762462
0.0750004
0.0812452
0.0806511
0.0799825
0.0792371
0.0784131
0.0775094
0.0765255
0.075462
0.0743198
0.0731008
0.0713387
0.0708515
0.0703136
0.0697191
0.0690608
0.0683319
0.0675269
0.0666422
0.0656765
0.0646306
0.0499818
0.0495581
0.049103
0.0486163
0.0480976
0.0475471
0.046965
0.0463516
0.0457077
0.0450342
0.06027
0.0597514
0.0591964
0.0586044
0.0579754
0.0573094
0.0566068
0.055868
0.0550939
0.0542856
0.0628573
0.062318
0.0617415
0.0611273
0.0604753
0.0597855
0.0590583
0.0582943
0.0574942
0.0566593
0.0634544
0.0629114
0.0623309
0.0617126
0.0610563
0.0603621
0.0596304
0.0588618
0.058057
0.0572172
0.063586
0.0630422
0.062461
0.061842
0.061185
0.0604901
0.0597576
0.0589881
0.0581825
0.0573419
0.0635949
0.0630511
0.0624699
0.0618508
0.0611937
0.0604988
0.0597663
0.0589968
0.0581911
0.0573504
0.0635038
0.0629605
0.0623798
0.0617613
0.0611048
0.0604105
0.0596786
0.0589097
0.0581047
0.0572646
0.0630733
0.0625331
0.0619556
0.0613403
0.0606872
0.0599963
0.0592679
0.0585027
0.0577014
0.0568652
0.0612011
0.0606773
0.0601168
0.0595192
0.0588844
0.0582124
0.0575035
0.0567583
0.0559777
0.0551626
0.0538889
0.0534292
0.0529407
0.0524225
0.0518732
0.0512916
0.0506766
0.0500277
0.0493449
0.048629
0.0364226
0.0361041
0.0357692
0.0354178
0.0350499
0.0346659
0.034266
0.0338506
0.03342
0.0329749
0.0441849
0.0437952
0.0433858
0.0429568
0.0425083
0.0420406
0.0415541
0.0410491
0.0405263
0.0399862
0.0463349
0.0459285
0.0455018
0.0450549
0.0445879
0.0441012
0.0435951
0.04307
0.0425265
0.0419653
0.046855
0.0464453
0.0460152
0.0455648
0.0450943
0.0446038
0.0440939
0.0435649
0.0430174
0.042452
0.0469719
0.0465617
0.046131
0.0456799
0.0452087
0.0447176
0.0442069
0.0436772
0.043129
0.0425629
0.0469799
0.0465696
0.0461389
0.0456878
0.0452166
0.0447254
0.0442147
0.043685
0.0431367
0.0425706
0.0468992
0.0464894
0.0460591
0.0456085
0.0451377
0.0446471
0.0441369
0.0436077
0.04306
0.0424944
0.0465267
0.0461193
0.0456917
0.0452437
0.0447757
0.0442879
0.0437807
0.0432544
0.0427098
0.0421473
0.045001
0.0446057
0.0441905
0.0437555
0.0433008
0.0428267
0.0423336
0.0418218
0.041292
0.0407448
0.0399105
0.0395506
0.0391713
0.0387732
0.0383567
0.0379225
0.0374711
0.037003
0.0365188
0.0360191
0.0249202
0.0247053
0.0244813
0.0242481
0.024006
0.0237552
0.0234958
0.0232281
0.0229524
0.0226689
0.0303159
0.0300524
0.0297779
0.0294923
0.029196
0.0288892
0.0285721
0.028245
0.0279082
0.0275621
0.0319182
0.0316426
0.0313555
0.031057
0.0307474
0.0304268
0.0300955
0.0297539
0.0294022
0.0290409
0.0323196
0.0320416
0.0317519
0.0314508
0.0311384
0.030815
0.0304808
0.0301362
0.0297815
0.0294171
0.0324113
0.0321328
0.0318426
0.031541
0.0312281
0.0309042
0.0305695
0.0302244
0.0298691
0.0295041
0.0324177
0.0321391
0.0318489
0.0315473
0.0312344
0.0309104
0.0305757
0.0302305
0.0298752
0.0295102
0.0323545
0.0320763
0.0317865
0.0314852
0.0311726
0.0308491
0.0305147
0.03017
0.0298151
0.0294505
0.0320685
0.0317921
0.0315041
0.0312048
0.0308943
0.0305728
0.0302406
0.029898
0.0295454
0.029183
0.0309491
0.0306808
0.0304011
0.0301103
0.0298086
0.0294961
0.0291732
0.0288401
0.0284972
0.0281448
0.0276436
0.0273925
0.0271284
0.0268518
0.0265637
0.0262648
0.025956
0.025638
0.0253114
0.0249765
0.0145623
0.0144394
0.0143117
0.0141793
0.0140424
0.0139009
0.0137551
0.0136051
0.0134511
0.0132931
0.0177351
0.0175841
0.0174274
0.017265
0.017097
0.0169235
0.0167448
0.016561
0.0163723
0.0161788
0.0187211
0.0185628
0.0183985
0.0182283
0.0180522
0.0178705
0.0176833
0.0174907
0.017293
0.0170904
0.0189739
0.0188141
0.0186482
0.0184763
0.0182986
0.0181151
0.0179261
0.0177317
0.0175321
0.0173275
0.0190322
0.0188722
0.018706
0.0185338
0.0183557
0.0181719
0.0179826
0.0177878
0.0175879
0.0173829
0.0190363
0.0188762
0.01871
0.0185378
0.0183597
0.0181759
0.0179865
0.0177918
0.0175918
0.0173868
0.0189961
0.0188363
0.0186703
0.0184983
0.0183204
0.0181369
0.0179478
0.0177533
0.0175536
0.0173488
0.0188166
0.0186578
0.018493
0.0183222
0.0181456
0.0179633
0.0177754
0.0175823
0.0173839
0.0171806
0.0181349
0.0179806
0.0178204
0.0176544
0.0174827
0.0173054
0.0171228
0.0169349
0.016742
0.0165442
0.0162642
0.0161159
0.0159601
0.0157971
0.0156277
0.0154525
0.0152721
0.015087
0.0148976
0.0147041
0.00479327
0.00475334
0.00471193
0.00466907
0.00462478
0.00457911
0.00453209
0.00448377
0.0044342
0.00438341
0.00583959
0.00579054
0.00573968
0.00568704
0.00563267
0.00557661
0.00551891
0.00545962
0.0053988
0.0053365
0.00617214
0.00612066
0.00606727
0.00601203
0.00595497
0.00589614
0.0058356
0.0057734
0.0057096
0.00564426
0.0062584
0.00620639
0.00615247
0.00609667
0.00603903
0.00597962
0.00591847
0.00585565
0.00579121
0.00572521
0.00627843
0.00622632
0.00617229
0.00611639
0.00605864
0.00599911
0.00593785
0.00587491
0.00581034
0.00574422
0.00627983
0.00622771
0.00617368
0.00611777
0.00606002
0.00600048
0.00593921
0.00587626
0.00581169
0.00574556
0.00626606
0.00621402
0.00616006
0.00610423
0.00604656
0.0059871
0.00592592
0.00586306
0.00579857
0.00573254
0.00620492
0.00615325
0.00609967
0.00604423
0.00598697
0.00592793
0.00586718
0.00580476
0.00574073
0.00567515
0.00597605
0.00592581
0.00587372
0.0058198
0.00576411
0.00570668
0.00564758
0.00558685
0.00552455
0.00546075
0.00535937
0.00530958
0.00525742
0.00520309
0.00514683
0.00508888
0.00502943
0.00496866
0.00490666
0.00484353
0.0055406
0.00560955
0.00529433
0.00493652
0.00459204
0.00429509
0.00406253
0.0038959
0.00378317
0.00370121
0.00527848
0.00511334
0.00485392
0.00454
0.00421021
0.00390716
0.00366164
0.00348595
0.00337276
0.00329746
0.00499087
0.00478109
0.00444626
0.00407038
0.00369411
0.00335642
0.00308771
0.00290171
0.00279071
0.0027258
0.00488421
0.00463583
0.0042202
0.00375045
0.00328878
0.00288642
0.0025777
0.00237461
0.00226396
0.00220881
0.00490488
0.00463785
0.00417219
0.00363541
0.00310511
0.00264544
0.0022979
0.00207549
0.00196103
0.00191048
0.00502066
0.0047591
0.00429344
0.0037501
0.0032093
0.00273836
0.00238123
0.00215192
0.00203297
0.00197923
0.00520884
0.00497847
0.00457296
0.00410176
0.00363225
0.00322059
0.00290338
0.00269229
0.00257275
0.00250728
0.00544953
0.00527716
0.00499512
0.00467952
0.00436897
0.00409357
0.00387173
0.00370821
0.00359403
0.00350857
0.00572232
0.00563561
0.00553537
0.00544828
0.00537146
0.0052974
0.00521784
0.00512692
0.00502322
0.00491065
0.00600637
0.00603169
0.00615246
0.00633761
0.00653806
0.00670316
0.00679331
0.00678966
0.00669931
0.00655506
0.0183845
0.0187516
0.018015
0.0170989
0.0161679
0.0153269
0.0146343
0.014107
0.0137223
0.0134225
0.0176209
0.0173943
0.0169736
0.0163529
0.0156155
0.0148752
0.0142234
0.013707
0.0133233
0.0130243
0.016986
0.0166971
0.0161977
0.015584
0.014908
0.0142373
0.0136381
0.0131527
0.0127846
0.0124941
0.0169188
0.0165855
0.0159886
0.015276
0.0145334
0.0138341
0.013233
0.0127572
0.0123993
0.0121161
0.0172155
0.0168864
0.0162571
0.0154867
0.0146821
0.0139334
0.0133011
0.0128096
0.0124444
0.012156
0.0177632
0.0174892
0.0169228
0.0161996
0.0154237
0.0146868
0.0140533
0.0135507
0.0131675
0.0128571
0.0184896
0.0183203
0.0179239
0.0173822
0.016769
0.0161547
0.0155934
0.0151133
0.0147133
0.0143643
0.0193396
0.0193277
0.019215
0.0189976
0.0186923
0.0183246
0.0179224
0.0175091
0.0170993
0.0166964
0.020263
0.0204707
0.0207542
0.0209897
0.0211167
0.0210997
0.0209295
0.0206207
0.0202075
0.0197379
0.0212105
0.021708
0.0224709
0.0232382
0.0238697
0.0242636
0.0243682
0.0241864
0.0237736
0.0232294
0.0306167
0.0309991
0.0299948
0.0287517
0.0274788
0.0263096
0.0253207
0.0245378
0.023937
0.0234476
0.0298382
0.0296024
0.0291738
0.028511
0.0276896
0.0268249
0.0260125
0.0253054
0.0247103
0.0241902
0.029462
0.0292702
0.028997
0.0286617
0.0282423
0.0277441
0.0271939
0.0266242
0.0260597
0.0255088
0.0298654
0.0297413
0.0296062
0.0294729
0.0293016
0.0290508
0.0286954
0.028235
0.0276928
0.0271072
0.0307309
0.0307173
0.030753
0.0308052
0.0308138
0.0307167
0.0304689
0.0300574
0.0295068
0.0288755
0.0318689
0.0319934
0.0322226
0.0324579
0.0326141
0.0326163
0.0324163
0.0320057
0.0314199
0.0307332
0.0331623
0.0334395
0.0338703
0.0342815
0.0345627
0.0346305
0.0344427
0.0340048
0.0333682
0.032621
0.0345403
0.0349894
0.0356353
0.0362201
0.0366093
0.0367176
0.0365169
0.0360333
0.035337
0.0345274
0.0359587
0.0366248
0.0375252
0.0382953
0.0387813
0.0389077
0.0386718
0.0381274
0.0373648
0.0364916
0.0373818
0.0383444
0.0395497
0.0405182
0.0410941
0.0412248
0.0409413
0.0403289
0.0394978
0.0385613
0.0398906
0.0395749
0.0385349
0.0374165
0.0363388
0.0353594
0.034499
0.0337545
0.033105
0.032513
0.040192
0.0398889
0.0394654
0.0389817
0.0384619
0.0379158
0.0373374
0.0367183
0.0360603
0.0353787
0.0412683
0.0412908
0.0414919
0.0417919
0.0420634
0.0421818
0.0420548
0.0416474
0.0409943
0.0401959
0.042818
0.0431678
0.0440069
0.0450808
0.0461276
0.0468985
0.0472158
0.0470145
0.0463598
0.0454356
0.0445306
0.0451745
0.0465546
0.0482589
0.0499154
0.051183
0.0518249
0.0517596
0.0510802
0.0500368
0.0462049
0.0470668
0.0487841
0.0508343
0.0527891
0.0542699
0.0550242
0.054976
0.0542405
0.0531014
0.0477435
0.0487231
0.050511
0.0525357
0.0543833
0.0557098
0.056304
0.0561225
0.0552946
0.0540943
0.0491368
0.050144
0.0517408
0.0533628
0.0546836
0.0554716
0.0556187
0.0551459
0.054188
0.0529634
0.0504267
0.0514196
0.0526374
0.0535548
0.0539983
0.0539203
0.0533743
0.0524745
0.0513545
0.0501377
0.0516629
0.0526673
0.0534233
0.0534667
0.0528278
0.0516922
0.0503106
0.0489071
0.0476101
0.0464238
0.0436452
0.0412091
0.041231
0.0418257
0.0426282
0.0433395
0.0437434
0.0437354
0.0433416
0.0427109
0.0473796
0.0470792
0.0468994
0.0472436
0.0479664
0.0487314
0.0492135
0.0492187
0.0487361
0.0479366
0.0522027
0.052704
0.0537104
0.0550176
0.0564149
0.0576045
0.0582932
0.058308
0.0576734
0.056627
0.0558525
0.0570653
0.0593478
0.0620218
0.0645851
0.0665868
0.0677048
0.0678166
0.0670424
0.0657356
0.0584476
0.0601372
0.063346
0.0671023
0.0706769
0.0734487
0.075017
0.0752712
0.074408
0.072892
0.0600744
0.061959
0.0655235
0.0696848
0.0736323
0.0766804
0.0783964
0.0786736
0.07774
0.0761058
0.0609283
0.0627294
0.0659894
0.0696856
0.0730983
0.0756394
0.0769556
0.0769817
0.0759401
0.0742882
0.0612764
0.0627542
0.0650722
0.0674163
0.0693312
0.0705006
0.0707842
0.0702202
0.0690002
0.0674238
0.0613678
0.0623488
0.0632138
0.0634706
0.0630733
0.0621288
0.0608293
0.059375
0.0579095
0.0564855
0.0613704
0.0617633
0.0608835
0.0586249
0.0554392
0.051947
0.0487442
0.0462277
0.0444839
0.0432658
0.0397722
0.0330578
0.0368652
0.0427367
0.0490204
0.0545001
0.0583867
0.0603723
0.0606615
0.0599272
0.0508671
0.0510035
0.0519321
0.0546118
0.0584406
0.0623108
0.0652397
0.0666863
0.0666594
0.0656887
0.0630263
0.0645559
0.0668364
0.0694763
0.0722911
0.0748366
0.0765798
0.0771591
0.0765705
0.0752215
0.069524
0.0720979
0.0760123
0.0800393
0.0835947
0.0862241
0.0876243
0.0877049
0.0866479
0.084913
0.0719955
0.0749957
0.0798965
0.0851089
0.0897129
0.0930334
0.0947202
0.0947719
0.0935125
0.0915213
0.0718607
0.074746
0.0797072
0.0851564
0.0900742
0.0936783
0.095547
0.0956616
0.0943728
0.0923065
0.070359
0.0727336
0.0767977
0.0812294
0.0851807
0.0880026
0.0893482
0.0892088
0.0878851
0.0859065
0.0683697
0.0699408
0.0722202
0.0743543
0.075927
0.076689
0.0765725
0.0756724
0.0742026
0.0724414
0.0663409
0.0668644
0.066615
0.0653728
0.0633646
0.0609605
0.0585506
0.0564259
0.0546944
0.053253
0.0643788
0.0636395
0.0603884
0.0551298
0.0488399
0.042629
0.037447
0.0338354
0.031786
0.0307386
0.028282
0.0141716
0.026645
0.0436951
0.0609126
0.0753379
0.0853411
0.0905449
0.0917117
0.0905352
0.0538061
0.0554256
0.0584942
0.0648403
0.0733984
0.0819305
0.0884602
0.0919513
0.0924849
0.0911521
0.0766205
0.0799754
0.083308
0.0862875
0.0893627
0.0923312
0.0945411
0.0953896
0.0947284
0.093027
0.0833062
0.0874456
0.0921258
0.0957674
0.0982291
0.09956
0.0998204
0.0990755
0.0974904
0.0954038
0.0816559
0.0855464
0.0907433
0.0953613
0.0987129
0.100502
0.100765
0.0997694
0.0979176
0.095657
0.0768091
0.079892
0.0845611
0.0891609
0.0928413
0.0950825
0.0957416
0.0950067
0.0932894
0.0910946
0.071558
0.0736434
0.0769037
0.0801684
0.0827864
0.0843333
0.0846627
0.0838893
0.082318
0.0803473
0.0670158
0.0680101
0.0691025
0.0697453
0.0697796
0.0691954
0.0681004
0.0666649
0.0650605
0.0634095
0.063275
0.0630133
0.0612469
0.0581847
0.0543721
0.0504512
0.0469908
0.0443384
0.0425292
0.0412749
0.0599669
0.0581839
0.05306
0.0456376
0.0372541
0.0293207
0.0229765
0.0188111
0.0167214
0.015931
0.02029
-0.0152431
0.018641
0.0553799
0.0869053
0.110218
0.124799
0.131561
0.132448
0.130169
0.0724333
0.10223
0.0796579
0.0804485
0.0910403
0.103455
0.113133
0.118247
0.119024
0.117139
0.0928284
0.0959998
0.0985589
0.0979589
0.0979831
0.0994913
0.101451
0.102506
0.101971
0.100162
0.0860739
0.089982
0.0934208
0.0947194
0.0943592
0.093214
0.091823
0.0902894
0.0885364
0.0865728
0.0757913
0.0786822
0.0818162
0.0837744
0.084281
0.0835143
0.0819142
0.0799411
0.0779189
0.0759768
0.0667607
0.0684258
0.0705224
0.0720733
0.0727063
0.0723466
0.0711855
0.0695576
0.0677845
0.066046
0.0600091
0.0607309
0.0614856
0.0618036
0.0615297
0.0606719
0.0593784
0.0578659
0.0563266
0.0548479
0.0552514
0.0551846
0.0543252
0.0526929
0.0505267
0.0481515
0.0458897
0.0439717
0.0424673
0.0412572
0.0517786
0.0508519
0.0479831
0.0437333
0.0388536
0.0341369
0.0302301
0.0274808
0.0258545
0.0249392
0.0488653
0.0468426
0.0416023
0.0342923
0.026214
0.0186969
0.0127854
0.00899404
0.00718771
0.0066115
0.0831317
0.0937728
0.101871
0.113576
0.126861
0.138868
0.147285
0.151056
0.150563
0.147468
0.0666312
0.0690269
0.0789487
0.0910735
0.102852
0.112563
0.119038
0.121829
0.121378
0.118986
0.0559907
0.057701
0.0625914
0.0691521
0.0757456
0.0811243
0.0845566
0.0858315
0.0852464
0.0835562
0.0502837
0.0508933
0.052325
0.0541178
0.0558405
0.0571148
0.0576997
0.0575294
0.0567146
0.0555203
0.0454386
0.045396
0.0449208
0.0440346
0.0428675
0.0415766
0.040304
0.0391461
0.0381337
0.0372263
0.0411726
0.0407673
0.0394146
0.0373434
0.0348933
0.0324392
0.0303026
0.0286749
0.0275682
0.0268051
0.0377706
0.0371629
0.0353874
0.0327796
0.0297705
0.0268245
0.0243338
0.0225244
0.0213966
0.0207127
0.0352666
0.034496
0.0323349
0.0292228
0.0256927
0.0223018
0.0195049
0.017549
0.0164118
0.015798
0.0334302
0.0324209
0.0296843
0.0258161
0.0215013
0.0174356
0.014169
0.0119815
0.0108179
0.0102962
0.0319213
0.0305271
0.0270176
0.0221776
0.0168612
0.0119307
0.00805778
0.0055688
0.00437051
0.0039703
0.0528715
0.0590621
0.0675973
0.0765991
0.0844859
0.090314
0.0936375
0.0944745
0.0932957
0.0909669
0.0383906
0.0404645
0.0437727
0.0481366
0.0527563
0.0566686
0.0591898
0.0600867
0.0595869
0.0582846
0.0235481
0.023222
0.0236286
0.0247738
0.0263812
0.0280235
0.0292704
0.0298527
0.0297515
0.0292027
0.0157849
0.0145583
0.0133254
0.0125182
0.0121269
0.0120444
0.0121077
0.0121563
0.0120899
0.0119081
0.0125531
0.0112645
0.00944105
0.00764777
0.00609658
0.00491056
0.00412422
0.00369306
0.00351471
0.0034598
0.0114901
0.0104331
0.00861502
0.00654579
0.00453388
0.00283075
0.00159421
0.000865793
0.000567058
0.000517506
0.0111732
0.0103746
0.00878527
0.00681397
0.00477866
0.0029706
0.00159972
0.000753893
0.000380474
0.000294632
0.0110038
0.0103909
0.00903622
0.00726644
0.00537749
0.00365533
0.00231735
0.00146599
0.00106503
0.000943536
0.0108309
0.0103195
0.00912414
0.00752419
0.00579161
0.00419436
0.00293938
0.00212704
0.00172761
0.001585
0.0106583
0.0101901
0.00909638
0.00762611
0.00602702
0.00454712
0.00337916
0.00261656
0.00223145
0.00207983
0.00429484
0.00107126
0.00026213
6.40983e-05
1.56081e-05
3.77951e-06
9.10597e-07
2.18642e-07
5.29606e-08
1.54373e-08
0.00437748
0.00107752
0.000262714
6.41682e-05
1.56182e-05
3.78114e-06
9.10883e-07
2.18695e-07
5.29709e-08
1.54398e-08
0.00454721
0.00109009
0.000263878
6.43077e-05
1.56382e-05
3.7844e-06
9.11456e-07
2.18802e-07
5.29916e-08
1.54447e-08
0.00481326
0.00110903
0.000265614
6.45155e-05
1.56682e-05
3.78927e-06
9.12315e-07
2.18961e-07
5.30226e-08
1.5452e-08
0.00519039
0.00113444
0.000267909
6.47902e-05
1.57079e-05
3.79573e-06
9.13454e-07
2.19173e-07
5.30639e-08
1.54618e-08
0.00569986
0.00116641
0.000270747
6.51294e-05
1.5757e-05
3.80374e-06
9.14869e-07
2.19437e-07
5.31152e-08
1.54739e-08
0.00637057
0.00120506
0.000274105
6.55304e-05
1.58151e-05
3.81327e-06
9.16554e-07
2.19751e-07
5.31765e-08
1.54884e-08
0.00723942
0.00125043
0.000277955
6.59902e-05
1.58821e-05
3.82425e-06
9.18502e-07
2.20116e-07
5.32476e-08
1.55053e-08
0.00834983
0.00130248
0.000282265
6.6505e-05
1.59573e-05
3.83665e-06
9.20706e-07
2.20528e-07
5.33283e-08
1.55244e-08
0.00974463
0.00136095
0.000286995
6.70708e-05
1.60404e-05
3.85038e-06
9.23157e-07
2.20988e-07
5.34184e-08
1.55458e-08
0.0116583
0.00304044
0.000754998
0.000185522
4.52521e-05
1.09646e-05
2.6423e-06
6.34493e-07
1.53695e-07
4.48007e-08
0.0118265
0.00305601
0.000756597
0.00018572
4.52811e-05
1.09693e-05
2.64313e-06
6.34648e-07
1.53725e-07
4.48078e-08
0.0121666
0.00308712
0.000759783
0.000186117
4.53389e-05
1.09787e-05
2.64479e-06
6.34957e-07
1.53785e-07
4.4822e-08
0.0126856
0.00313369
0.00076453
0.000186708
4.54252e-05
1.09928e-05
2.64728e-06
6.3542e-07
1.53875e-07
4.48433e-08
0.0133937
0.00319558
0.000770799
0.000187488
4.55395e-05
1.10115e-05
2.65059e-06
6.36035e-07
1.53995e-07
4.48716e-08
0.0143036
0.00327258
0.000778536
0.000188452
4.56809e-05
1.10347e-05
2.65469e-06
6.368e-07
1.54144e-07
4.49068e-08
0.0154291
0.00336431
0.000787675
0.000189592
4.58486e-05
1.10623e-05
2.65957e-06
6.37712e-07
1.54322e-07
4.4949e-08
0.0167833
0.00347023
0.000798135
0.000190898
4.60414e-05
1.10941e-05
2.66522e-06
6.38768e-07
1.54528e-07
4.49979e-08
0.0183747
0.00358954
0.00080982
0.000192361
4.62582e-05
1.113e-05
2.67161e-06
6.39966e-07
1.54762e-07
4.50535e-08
0.0202029
0.00372117
0.000822622
0.000193969
4.64975e-05
1.11697e-05
2.67872e-06
6.413e-07
1.55024e-07
4.51156e-08
0.0165213
0.00456579
0.00116023
0.000287528
7.0352e-05
1.7066e-05
4.11442e-06
9.88151e-07
2.39377e-07
6.97779e-08
0.0166973
0.0045856
0.0011625
0.000287827
7.03966e-05
1.70733e-05
4.11571e-06
9.88392e-07
2.39424e-07
6.97889e-08
0.0170501
0.00462508
0.00116704
0.000288423
7.04855e-05
1.70879e-05
4.1183e-06
9.88873e-07
2.39517e-07
6.9811e-08
0.0175814
0.00468399
0.00117381
0.000289311
7.06182e-05
1.71098e-05
4.12217e-06
9.89594e-07
2.39658e-07
6.98442e-08
0.0182931
0.00476193
0.00118273
0.000290485
7.07938e-05
1.71388e-05
4.1273e-06
9.90551e-07
2.39844e-07
6.98883e-08
0.0191867
0.00485832
0.00119373
0.000291934
7.10111e-05
1.71747e-05
4.13368e-06
9.91742e-07
2.40076e-07
6.99432e-08
0.0202626
0.00497241
0.00120672
0.000293648
7.12688e-05
1.72175e-05
4.14128e-06
9.93162e-07
2.40353e-07
7.00089e-08
0.0215183
0.00510321
0.00122157
0.000295612
7.15652e-05
1.72667e-05
4.15006e-06
9.94806e-07
2.40674e-07
7.0085e-08
0.0229479
0.00524952
0.00123815
0.000297812
7.18985e-05
1.73224e-05
4.16e-06
9.9667e-07
2.41039e-07
7.01716e-08
0.0245397
0.00540986
0.0012563
0.000300231
7.22665e-05
1.7384e-05
4.17105e-06
9.98747e-07
2.41446e-07
7.02683e-08
0.0187751
0.00550707
0.0014371
0.000359938
8.84288e-05
2.14842e-05
5.18264e-06
1.24498e-06
3.01618e-07
8.79238e-08
0.018924
0.00552718
0.0014397
0.000360299
8.8484e-05
2.14934e-05
5.18427e-06
1.24528e-06
3.01677e-07
8.79377e-08
0.0192214
0.00556725
0.00144486
0.000361018
8.85941e-05
2.15117e-05
5.18752e-06
1.24589e-06
3.01795e-07
8.79656e-08
0.0196661
0.00562692
0.00145255
0.00036209
8.87584e-05
2.15391e-05
5.19239e-06
1.2468e-06
3.01971e-07
8.80074e-08
0.0202564
0.00570569
0.0014627
0.000363506
8.89758e-05
2.15754e-05
5.19884e-06
1.248e-06
3.02206e-07
8.8063e-08
0.0209892
0.00580284
0.00147521
0.000365254
8.9245e-05
2.16204e-05
5.20686e-06
1.2495e-06
3.02499e-07
8.81322e-08
0.0218602
0.00591748
0.00148997
0.000367323
8.95642e-05
2.16739e-05
5.21641e-06
1.25129e-06
3.02848e-07
8.82149e-08
0.0228628
0.00604852
0.00150684
0.000369694
8.99315e-05
2.17356e-05
5.22745e-06
1.25336e-06
3.03252e-07
8.83109e-08
0.0239884
0.00619466
0.00152568
0.000372351
9.03445e-05
2.18052e-05
5.23994e-06
1.2557e-06
3.03712e-07
8.84199e-08
0.0252257
0.0063544
0.00154631
0.000375272
9.08006e-05
2.18824e-05
5.25383e-06
1.25832e-06
3.04224e-07
8.85418e-08
0.0188346
0.00583481
0.00156357
0.00039606
9.77449e-05
2.37896e-05
5.74264e-06
1.37986e-06
3.34327e-07
9.74624e-08
0.018949
0.00585295
0.00156616
0.000396442
9.78049e-05
2.37997e-05
5.74444e-06
1.38019e-06
3.34392e-07
9.74778e-08
0.0191771
0.00588906
0.00157133
0.000397203
9.79246e-05
2.38198e-05
5.74804e-06
1.38086e-06
3.34523e-07
9.75088e-08
0.019517
0.00594282
0.00157902
0.000398338
9.81033e-05
2.38499e-05
5.75341e-06
1.38187e-06
3.34719e-07
9.75551e-08
0.0199661
0.0060137
0.00158917
0.000399837
9.83398e-05
2.38899e-05
5.76055e-06
1.3832e-06
3.34979e-07
9.76167e-08
0.0205207
0.00610103
0.00160168
0.000401688
9.86326e-05
2.39394e-05
5.76941e-06
1.38486e-06
3.35303e-07
9.76934e-08
0.021176
0.00620397
0.00161645
0.000403879
9.89798e-05
2.39982e-05
5.77997e-06
1.38684e-06
3.3569e-07
9.77851e-08
0.0219258
0.00632149
0.00163333
0.000406391
9.93794e-05
2.40661e-05
5.79218e-06
1.38914e-06
3.36138e-07
9.78915e-08
0.0227627
0.00645242
0.00165219
0.000409207
9.98288e-05
2.41428e-05
5.80598e-06
1.39173e-06
3.36647e-07
9.80124e-08
0.0236776
0.00659546
0.00167284
0.000412304
0.000100325
2.42277e-05
5.82134e-06
1.39463e-06
3.37215e-07
9.81475e-08
0.0172268
0.00559215
0.00153524
0.000393124
9.7459e-05
2.37627e-05
5.74018e-06
1.37963e-06
3.34307e-07
9.74604e-08
0.01731
0.00560724
0.00153759
0.00039349
9.75179e-05
2.37728e-05
5.74197e-06
1.37997e-06
3.34372e-07
9.74759e-08
0.0174757
0.00563728
0.00154229
0.000394218
9.76354e-05
2.37928e-05
5.74556e-06
1.38064e-06
3.34503e-07
9.75068e-08
0.0177222
0.00568198
0.00154929
0.000395303
9.78107e-05
2.38226e-05
5.75092e-06
1.38164e-06
3.34698e-07
9.75531e-08
0.0180474
0.0057409
0.00155852
0.000396737
9.80428e-05
2.38623e-05
5.75803e-06
1.38298e-06
3.34959e-07
9.76147e-08
0.018448
0.00581348
0.00156991
0.00039851
9.83301e-05
2.39114e-05
5.76687e-06
1.38463e-06
3.35283e-07
9.76914e-08
0.0189202
0.005899
0.00158335
0.000400607
9.8671e-05
2.39698e-05
5.7774e-06
1.38661e-06
3.35669e-07
9.77831e-08
0.0194591
0.00599661
0.00159872
0.000403013
9.90633e-05
2.40372e-05
5.78957e-06
1.3889e-06
3.36117e-07
9.78895e-08
0.0200592
0.00610537
0.00161589
0.00040571
9.95045e-05
2.41133e-05
5.80334e-06
1.3915e-06
3.36626e-07
9.80104e-08
0.0207141
0.0062242
0.00163472
0.000408679
9.99922e-05
2.41977e-05
5.81865e-06
1.39439e-06
3.37194e-07
9.81455e-08
0.0144254
0.0048625
0.00136249
0.000352234
8.76799e-05
2.1414e-05
5.17619e-06
1.24439e-06
3.01565e-07
8.79186e-08
0.0144832
0.00487417
0.00136445
0.000352551
8.77321e-05
2.14229e-05
5.1778e-06
1.2447e-06
3.01624e-07
8.79326e-08
0.0145981
0.0048974
0.00136836
0.000353183
8.78363e-05
2.14409e-05
5.18103e-06
1.2453e-06
3.01742e-07
8.79605e-08
0.0147691
0.00493197
0.00137418
0.000354125
8.79918e-05
2.14676e-05
5.18585e-06
1.24621e-06
3.01919e-07
8.80023e-08
0.0149944
0.00497754
0.00138186
0.000355369
8.81976e-05
2.15031e-05
5.19225e-06
1.24741e-06
3.02153e-07
8.80578e-08
0.0152718
0.00503367
0.00139134
0.000356908
8.84525e-05
2.15471e-05
5.20021e-06
1.2489e-06
3.02445e-07
8.8127e-08
0.0155985
0.00509981
0.00140252
0.000358729
8.87548e-05
2.15995e-05
5.20968e-06
1.25068e-06
3.02794e-07
8.82097e-08
0.015971
0.00517534
0.00141532
0.000360818
8.91028e-05
2.16599e-05
5.22063e-06
1.25275e-06
3.03198e-07
8.83057e-08
0.0163855
0.0052595
0.00142963
0.000363161
8.94944e-05
2.1728e-05
5.23302e-06
1.25509e-06
3.03657e-07
8.84147e-08
0.0168378
0.00535151
0.00144532
0.000365741
8.99273e-05
2.18036e-05
5.2468e-06
1.2577e-06
3.04169e-07
8.85366e-08
0.0108104
0.00374826
0.00106706
0.000277969
6.9425e-05
1.6979e-05
4.10644e-06
9.87428e-07
2.39312e-07
6.97715e-08
0.0108479
0.00375648
0.00106852
0.000278212
6.94659e-05
1.69861e-05
4.10771e-06
9.87668e-07
2.39359e-07
6.97825e-08
0.0109226
0.00377285
0.00107143
0.000278698
6.95474e-05
1.70003e-05
4.11027e-06
9.88147e-07
2.39452e-07
6.98047e-08
0.0110336
0.00379721
0.00107576
0.000279423
6.96691e-05
1.70214e-05
4.11409e-06
9.88865e-07
2.39592e-07
6.98378e-08
0.0111799
0.00382932
0.00108149
0.000280381
6.98302e-05
1.70494e-05
4.11916e-06
9.89818e-07
2.39778e-07
6.98819e-08
0.0113599
0.00386888
0.00108854
0.000281565
7.00297e-05
1.70841e-05
4.12545e-06
9.91003e-07
2.4001e-07
6.99368e-08
0.0115719
0.00391552
0.00109688
0.000282966
7.02664e-05
1.71254e-05
4.13295e-06
9.92416e-07
2.40287e-07
7.00025e-08
0.0118137
0.00396877
0.00110642
0.000284575
7.05389e-05
1.71731e-05
4.14163e-06
9.94053e-07
2.40608e-07
7.00786e-08
0.0120827
0.00402816
0.00111709
0.000286379
7.08455e-05
1.72269e-05
4.15144e-06
9.95909e-07
2.40972e-07
7.01652e-08
0.0123763
0.0040931
0.00112879
0.000288366
7.11845e-05
1.72866e-05
4.16235e-06
9.97976e-07
2.41378e-07
7.02619e-08
0.00667653
0.00235874
0.000678768
0.000177756
4.4501e-05
1.08942e-05
2.63584e-06
6.33907e-07
1.53642e-07
4.47955e-08
0.00669756
0.00236361
0.000679666
0.00017791
4.4527e-05
1.08987e-05
2.63666e-06
6.34061e-07
1.53672e-07
4.48026e-08
0.00673943
0.0023733
0.000681454
0.000178215
4.45788e-05
1.09078e-05
2.6383e-06
6.34369e-07
1.53732e-07
4.48168e-08
0.00680169
0.00238773
0.000684118
0.00017867
4.46562e-05
1.09213e-05
2.64074e-06
6.3483e-07
1.53822e-07
4.48381e-08
0.00688372
0.00240675
0.000687634
0.000179272
4.47586e-05
1.09392e-05
2.64399e-06
6.35441e-07
1.53942e-07
4.48664e-08
0.00698469
0.00243018
0.000691973
0.000180016
4.48855e-05
1.09614e-05
2.64803e-06
6.36202e-07
1.5409e-07
4.49017e-08
0.00710357
0.00245781
0.000697098
0.000180897
4.5036e-05
1.09878e-05
2.65284e-06
6.37108e-07
1.54268e-07
4.49438e-08
0.00723916
0.00248938
0.000702967
0.000181908
4.52093e-05
1.10183e-05
2.6584e-06
6.38159e-07
1.54474e-07
4.49927e-08
0.0073901
0.00252459
0.00070953
0.000183043
4.54043e-05
1.10527e-05
2.66469e-06
6.3935e-07
1.54708e-07
4.50483e-08
0.00755486
0.00256311
0.000716735
0.000184293
4.562e-05
1.10909e-05
2.67168e-06
6.40676e-07
1.54969e-07
4.51104e-08
0.00225599
0.000804498
0.000232773
6.11239e-05
1.53209e-05
3.7526e-06
9.08125e-07
2.18418e-07
5.29402e-08
1.54353e-08
0.00226276
0.000806109
0.000233076
6.11761e-05
1.53298e-05
3.75416e-06
9.08408e-07
2.18471e-07
5.29506e-08
1.54378e-08
0.00227624
0.000809316
0.000233679
6.12802e-05
1.53476e-05
3.75727e-06
9.08972e-07
2.18577e-07
5.29713e-08
1.54427e-08
0.00229628
0.000814088
0.000234576
6.14354e-05
1.53741e-05
3.76192e-06
9.09815e-07
2.18736e-07
5.30023e-08
1.545e-08
0.00232268
0.000820381
0.000235761
6.16405e-05
1.54093e-05
3.76808e-06
9.10934e-07
2.18946e-07
5.30435e-08
1.54598e-08
0.00235518
0.000828134
0.000237224
6.18941e-05
1.54527e-05
3.77572e-06
9.12324e-07
2.19208e-07
5.30948e-08
1.54719e-08
0.00239346
0.000837277
0.000238951
6.21943e-05
1.55044e-05
3.7848e-06
9.1398e-07
2.19521e-07
5.3156e-08
1.54864e-08
0.00243711
0.000847724
0.00024093
6.2539e-05
1.55638e-05
3.79528e-06
9.15894e-07
2.19883e-07
5.3227e-08
1.55033e-08
0.00248572
0.000859377
0.000243143
6.29258e-05
1.56307e-05
3.80712e-06
9.1806e-07
2.20293e-07
5.33075e-08
1.55224e-08
0.00253879
0.000872132
0.000245573
6.3352e-05
1.57046e-05
3.82024e-06
9.2047e-07
2.2075e-07
5.33974e-08
1.55438e-08
0.0250031
0.00193819
0.000332779
7.25635e-05
1.68511e-05
3.98508e-06
9.47266e-07
2.25524e-07
5.43081e-08
1.57576e-08
0.0274883
0.00228761
0.000393284
8.38784e-05
1.90389e-05
4.41625e-06
1.03343e-06
2.42954e-07
5.79001e-08
1.66443e-08
0.0278632
0.00239116
0.000419445
9.01391e-05
2.04842e-05
4.74195e-06
1.10568e-06
2.58823e-07
6.13958e-08
1.75596e-08
0.0279404
0.00242064
0.000428786
9.2793e-05
2.1186e-05
4.91859e-06
1.14859e-06
2.68985e-07
6.37815e-08
1.82214e-08
0.0279574
0.00242837
0.000431622
9.37005e-05
2.14507e-05
4.99079e-06
1.16734e-06
2.73678e-07
6.49355e-08
1.85553e-08
0.0279586
0.00242895
0.000431838
9.37674e-05
2.14691e-05
4.99546e-06
1.16845e-06
2.73928e-07
6.49897e-08
1.85686e-08
0.0279473
0.00242356
0.000429731
9.30552e-05
2.12518e-05
4.93396e-06
1.15199e-06
2.69703e-07
6.39272e-08
1.82546e-08
0.0278956
0.00240185
0.000422189
9.07628e-05
2.06157e-05
4.76822e-06
1.11069e-06
2.59732e-07
6.15513e-08
1.7587e-08
0.0276714
0.00232409
0.00039956
8.48922e-05
1.91938e-05
4.43808e-06
1.03605e-06
2.43129e-07
5.78625e-08
1.6615e-08
0.0266531
0.00204163
0.00033959
7.27451e-05
1.67666e-05
3.95362e-06
9.38869e-07
2.23478e-07
5.38202e-08
1.56194e-08
0.0385849
0.00499946
0.000946369
0.000209578
4.88337e-05
1.15596e-05
2.74862e-06
6.54457e-07
1.57605e-07
4.57299e-08
0.0442149
0.00595332
0.00111878
0.000242202
5.51668e-05
1.28097e-05
2.99859e-06
7.05033e-07
1.68029e-07
4.83034e-08
0.0452457
0.00624886
0.00119424
0.000260325
5.93568e-05
1.37545e-05
3.20821e-06
7.51084e-07
1.78173e-07
5.09595e-08
0.0454667
0.00633393
0.00122128
0.000268019
6.13928e-05
1.4267e-05
3.33273e-06
7.80575e-07
1.85097e-07
5.28802e-08
0.0455157
0.00635631
0.0012295
0.000270652
6.21607e-05
1.44765e-05
3.38714e-06
7.94194e-07
1.88446e-07
5.38491e-08
0.0455192
0.00635802
0.00123013
0.000270846
6.22142e-05
1.44901e-05
3.39036e-06
7.94919e-07
1.88603e-07
5.38877e-08
0.0454865
0.00634237
0.00122402
0.00026878
6.15836e-05
1.43116e-05
3.34259e-06
7.82656e-07
1.8552e-07
5.29765e-08
0.0453381
0.00627961
0.00120216
0.000262131
5.97381e-05
1.38307e-05
3.22274e-06
7.53721e-07
1.78625e-07
5.10389e-08
0.0447125
0.00605638
0.00113676
0.000245123
5.56145e-05
1.28729e-05
3.00615e-06
7.05542e-07
1.67919e-07
4.82182e-08
0.042289
0.00527371
0.000965084
0.000210046
4.85847e-05
1.14681e-05
2.72423e-06
6.4852e-07
1.56189e-07
4.5329e-08
0.0401138
0.00695843
0.00143172
0.000323719
7.58594e-05
1.79885e-05
4.27973e-06
1.01923e-06
2.45466e-07
7.12251e-08
0.0471275
0.0083282
0.00169227
0.000373937
8.56772e-05
1.99318e-05
4.66877e-06
1.09798e-06
2.61699e-07
7.52333e-08
0.048623
0.00877596
0.00180849
0.000402035
9.21906e-05
2.14021e-05
4.99516e-06
1.16969e-06
2.77499e-07
7.93701e-08
0.0489595
0.00890713
0.00185042
0.000413996
9.5359e-05
2.22001e-05
5.18906e-06
1.21562e-06
2.88282e-07
8.23617e-08
0.0490352
0.00894185
0.00186321
0.000418092
9.65546e-05
2.25264e-05
5.27381e-06
1.23683e-06
2.93498e-07
8.38708e-08
0.0490406
0.0089445
0.00186418
0.000418394
9.66379e-05
2.25475e-05
5.27882e-06
1.23796e-06
2.93743e-07
8.39309e-08
0.04899
0.0089202
0.00185468
0.000415178
9.5656e-05
2.22696e-05
5.20442e-06
1.21886e-06
2.88941e-07
8.25117e-08
0.0487625
0.00882305
0.00182073
0.000404835
9.27831e-05
2.15207e-05
5.01777e-06
1.1738e-06
2.78202e-07
7.94938e-08
0.0478315
0.00848133
0.0017196
0.000378428
8.63693e-05
2.00298e-05
4.68051e-06
1.09877e-06
2.61529e-07
7.51005e-08
0.0445086
0.00733012
0.00145806
0.00032428
7.54604e-05
1.7845e-05
4.24169e-06
1.00997e-06
2.4326e-07
7.06006e-08
0.0371995
0.00789436
0.00174574
0.000403655
9.52546e-05
2.26394e-05
5.39046e-06
1.2841e-06
3.09288e-07
8.97473e-08
0.0443917
0.00947358
0.00206213
0.000465976
0.000107548
2.50818e-05
5.88018e-06
1.38329e-06
3.2974e-07
9.47976e-08
0.0461359
0.010019
0.00220646
0.000501161
0.000115734
2.69325e-05
6.29126e-06
1.47364e-06
3.49647e-07
1.0001e-07
0.0465482
0.0101821
0.002259
0.000516193
0.000119722
2.79375e-05
6.53554e-06
1.53151e-06
3.63234e-07
1.0378e-07
0.0466426
0.0102257
0.00227506
0.00052135
0.000121228
2.83486e-05
6.64231e-06
1.55824e-06
3.69807e-07
1.05681e-07
0.0466494
0.010229
0.00227629
0.00052173
0.000121332
2.83752e-05
6.64863e-06
1.55966e-06
3.70116e-07
1.05757e-07
0.0465861
0.0101985
0.00226433
0.000517679
0.000120096
2.8025e-05
6.55488e-06
1.5356e-06
3.64064e-07
1.03969e-07
0.0463051
0.0100771
0.00222171
0.000504669
0.000116478
2.70816e-05
6.31972e-06
1.47882e-06
3.50533e-07
1.00166e-07
0.0451836
0.00965514
0.00209546
0.000471533
0.000108412
2.52045e-05
5.89491e-06
1.38428e-06
3.29525e-07
9.46304e-08
0.0412857
0.00828577
0.00177447
0.000404078
9.47324e-05
2.24573e-05
5.34243e-06
1.27244e-06
3.06509e-07
8.89605e-08
0.0324944
0.00797396
0.00187265
0.000442413
0.000105175
2.5061e-05
5.9724e-06
1.42318e-06
3.42827e-07
9.94836e-08
0.0391333
0.00957813
0.00220993
0.000510338
0.000118706
2.77604e-05
6.5146e-06
1.53309e-06
3.65493e-07
1.05082e-07
0.0409259
0.0101615
0.00236737
0.000549067
0.000127752
2.98093e-05
6.97003e-06
1.63321e-06
3.87559e-07
1.1086e-07
0.0413695
0.0103397
0.00242521
0.00056568
0.000132166
3.09227e-05
7.24075e-06
1.69736e-06
4.02619e-07
1.15038e-07
0.0414728
0.0103877
0.00244297
0.000571388
0.000133834
3.13782e-05
7.35909e-06
1.72698e-06
4.09905e-07
1.17146e-07
0.0414803
0.0103913
0.00244432
0.000571808
0.000133951
3.14077e-05
7.3661e-06
1.72856e-06
4.10247e-07
1.1723e-07
0.0414109
0.0103576
0.00243109
0.000567323
0.00013258
3.10196e-05
7.26218e-06
1.70188e-06
4.03539e-07
1.15248e-07
0.0411056
0.0102243
0.00238404
0.000552928
0.000128574
2.99743e-05
7.00156e-06
1.63895e-06
3.8854e-07
1.11032e-07
0.0399138
0.00976616
0.0022455
0.00051637
0.000119651
2.78955e-05
6.53085e-06
1.53418e-06
3.65255e-07
1.04896e-07
0.0357928
0.00832534
0.00189914
0.000442523
0.000104571
2.48574e-05
5.91904e-06
1.41025e-06
3.39746e-07
9.86115e-08
0.0270168
0.00736992
0.00181693
0.000437549
0.000104756
2.5025e-05
5.9693e-06
1.42292e-06
3.42804e-07
9.94814e-08
0.0326942
0.00885126
0.00214179
0.000504343
0.000118189
2.77162e-05
6.51082e-06
1.53276e-06
3.65466e-07
1.05079e-07
0.0343675
0.00941491
0.00229672
0.000542793
0.000127207
2.97623e-05
6.966e-06
1.63287e-06
3.87529e-07
1.10857e-07
0.0347986
0.00959056
0.00235418
0.000559354
0.000131615
3.08751e-05
7.23665e-06
1.69701e-06
4.02589e-07
1.15035e-07
0.0349007
0.00963821
0.00237188
0.000565054
0.000133282
3.13304e-05
7.35497e-06
1.72663e-06
4.09875e-07
1.17143e-07
0.0349082
0.00964186
0.00237323
0.000565474
0.000133398
3.13599e-05
7.36197e-06
1.72821e-06
4.10217e-07
1.17227e-07
0.0348393
0.00960832
0.00236003
0.000560992
0.000132028
3.09718e-05
7.25807e-06
1.70153e-06
4.03509e-07
1.15245e-07
0.0345401
0.0094761
0.00231317
0.000546627
0.000128026
2.9927e-05
6.9975e-06
1.6386e-06
3.88511e-07
1.1103e-07
0.0333922
0.00902679
0.002176
0.000510243
0.000119123
2.78503e-05
6.527e-06
1.53385e-06
3.65228e-07
1.04894e-07
0.0294299
0.00764788
0.00183816
0.000437291
0.000104127
2.48196e-05
5.91582e-06
1.40998e-06
3.39723e-07
9.86096e-08
0.0211903
0.00623921
0.00159731
0.000390843
9.41567e-05
2.25452e-05
5.38236e-06
1.2834e-06
3.09228e-07
8.97417e-08
0.0256988
0.00748795
0.00188084
0.000450188
0.000106194
2.4966e-05
5.8703e-06
1.38245e-06
3.29668e-07
9.4791e-08
0.0271225
0.00798124
0.00201858
0.000484644
0.000114304
2.68095e-05
6.28069e-06
1.47274e-06
3.4957e-07
1.00003e-07
0.0275016
0.00813762
0.00207009
0.00049954
0.000118276
2.78127e-05
6.52479e-06
1.53059e-06
3.63155e-07
1.03772e-07
0.0275928
0.00818036
0.00208601
0.000504675
0.000119779
2.82234e-05
6.63152e-06
1.55731e-06
3.69727e-07
1.05674e-07
0.0275995
0.00818364
0.00208723
0.000505054
0.000119884
2.825e-05
6.63783e-06
1.55873e-06
3.70036e-07
1.0575e-07
0.0275379
0.0081535
0.00207534
0.000501014
0.000118648
2.78999e-05
6.54411e-06
1.53467e-06
3.63985e-07
1.03962e-07
0.0272726
0.00803517
0.00203323
0.000488079
0.000115041
2.69578e-05
6.30908e-06
1.4779e-06
3.50455e-07
1.00159e-07
0.0262693
0.0076365
0.00191057
0.0004554
0.000107026
2.50861e-05
5.88483e-06
1.38343e-06
3.29454e-07
9.46243e-08
0.0228085
0.00643469
0.00161218
0.0003903
9.35665e-05
2.23583e-05
5.33401e-06
1.27173e-06
3.06449e-07
8.89554e-08
0.0152028
0.00472015
0.00124225
0.000307709
7.44975e-05
1.78719e-05
4.26971e-06
1.01836e-06
2.45392e-07
7.12182e-08
0.0184501
0.00565997
0.00146136
0.000354222
8.39971e-05
1.97885e-05
4.65655e-06
1.09694e-06
2.6161e-07
7.52251e-08
0.0195296
0.00604203
0.00156938
0.000381416
9.04178e-05
2.12499e-05
4.98209e-06
1.16857e-06
2.77403e-07
7.93614e-08
0.0198244
0.0061648
0.00161004
0.000393209
9.35665e-05
2.20457e-05
5.17577e-06
1.21448e-06
2.88184e-07
8.23527e-08
0.019896
0.00619855
0.00162265
0.000397279
9.47585e-05
2.23715e-05
5.26046e-06
1.23569e-06
2.934e-07
8.38618e-08
0.0199013
0.00620115
0.00162361
0.000397579
9.48415e-05
2.23926e-05
5.26547e-06
1.23682e-06
2.93645e-07
8.39219e-08
0.0198528
0.00617731
0.00161419
0.000394376
9.38615e-05
2.21149e-05
5.1911e-06
1.21772e-06
2.88843e-07
8.25028e-08
0.0196452
0.006084
0.00158088
0.000384126
9.10006e-05
2.13674e-05
5.00461e-06
1.17267e-06
2.78106e-07
7.94853e-08
0.018868
0.00577169
0.00148423
0.000358285
8.46507e-05
1.98832e-05
4.66804e-06
1.09771e-06
2.61441e-07
7.5093e-08
0.0161796
0.00484117
0.00125126
0.000307071
7.40142e-05
1.77226e-05
4.23128e-06
1.00909e-06
2.43187e-07
7.05944e-08
0.00914197
0.00293522
0.000786583
0.00019646
4.77276e-05
1.14652e-05
2.74051e-06
6.53758e-07
1.57545e-07
4.57243e-08
0.0110951
0.00351708
0.000924688
0.000226062
5.38025e-05
1.26937e-05
2.9887e-06
7.0419e-07
1.67957e-07
4.82968e-08
0.0117668
0.00375825
0.00099346
0.000243452
5.79176e-05
1.36312e-05
3.19764e-06
7.50178e-07
1.78096e-07
5.09524e-08
0.0119534
0.00383648
0.00101947
0.00025101
5.99375e-05
1.41419e-05
3.32197e-06
7.79651e-07
1.85018e-07
5.2873e-08
0.0119992
0.00385808
0.00102755
0.000253622
6.07026e-05
1.43511e-05
3.37634e-06
7.93265e-07
1.88366e-07
5.38418e-08
0.0120026
0.00385974
0.00102816
0.000253814
6.07558e-05
1.43646e-05
3.37955e-06
7.9399e-07
1.88523e-07
5.38804e-08
0.0119716
0.00384447
0.00102212
0.000251759
6.01268e-05
1.41863e-05
3.33181e-06
7.8173e-07
1.8544e-07
5.29693e-08
0.0118395
0.00378483
0.00100079
0.000245185
5.82909e-05
1.37066e-05
3.21209e-06
7.52811e-07
1.78547e-07
5.1032e-08
0.0113484
0.00358606
0.000939037
0.000228637
5.42191e-05
1.27542e-05
2.99606e-06
7.04688e-07
1.67848e-07
4.82121e-08
0.00963683
0.00299777
0.000791099
0.000195954
4.74104e-05
1.13689e-05
2.7158e-06
6.47807e-07
1.5613e-07
4.5324e-08
0.00305014
0.000995367
0.000269135
6.7501e-05
1.64275e-05
3.94899e-06
9.44167e-07
2.25257e-07
5.42852e-08
1.57554e-08
0.00370143
0.00119219
0.000316273
7.76549e-05
1.85164e-05
4.3719e-06
1.02966e-06
2.42632e-07
5.78726e-08
1.66418e-08
0.00392923
0.00127458
0.000339868
8.36349e-05
1.99331e-05
4.69482e-06
1.10164e-06
2.58477e-07
6.13663e-08
1.75569e-08
0.00399306
0.00130143
0.000348812
8.6237e-05
2.06288e-05
4.87078e-06
1.14448e-06
2.68632e-07
6.37513e-08
1.82187e-08
0.00400876
0.00130885
0.000351594
8.71364e-05
2.08924e-05
4.94285e-06
1.16321e-06
2.73323e-07
6.49051e-08
1.85525e-08
0.00400993
0.00130943
0.000351806
8.72027e-05
2.09107e-05
4.94751e-06
1.16432e-06
2.73573e-07
6.49593e-08
1.85658e-08
0.00399928
0.00130417
0.000349726
8.64945e-05
2.0694e-05
4.88608e-06
1.14787e-06
2.69349e-07
6.3897e-08
1.82518e-08
0.00395401
0.00128367
0.000342382
8.42307e-05
2.00615e-05
4.72078e-06
1.10662e-06
2.59384e-07
6.15218e-08
1.75843e-08
0.00378608
0.00121548
0.000321158
7.85359e-05
1.86594e-05
4.39272e-06
1.03219e-06
2.42803e-07
5.78353e-08
1.66127e-08
0.00319514
0.0010142
0.000270459
6.73088e-05
1.63168e-05
3.91568e-06
9.35647e-07
2.23205e-07
5.37975e-08
1.56174e-08
0.00576289
0.00124169
0.000271814
6.47186e-05
1.56308e-05
3.773e-06
9.07665e-07
2.17753e-07
5.27151e-08
1.5359e-08
0.00536287
0.00115977
0.00026469
6.38847e-05
1.55137e-05
3.75448e-06
9.04479e-07
2.1717e-07
5.26028e-08
1.53326e-08
0.00459336
0.00108251
0.000258081
6.31217e-05
1.54074e-05
3.73776e-06
9.01615e-07
2.16648e-07
5.25025e-08
1.5309e-08
0.00352112
0.00100952
0.000252059
6.24363e-05
1.53126e-05
3.72292e-06
8.99083e-07
2.16188e-07
5.24143e-08
1.52883e-08
0.00236631
0.000942145
0.0002467
6.18348e-05
1.52299e-05
3.71003e-06
8.96891e-07
2.15791e-07
5.23383e-08
1.52705e-08
0.00131647
0.000882399
0.000242085
6.13234e-05
1.516e-05
3.69918e-06
8.9505e-07
2.15458e-07
5.22746e-08
1.52557e-08
0.00047323
0.000832275
0.000238288
6.09075e-05
1.51034e-05
3.69042e-06
8.93567e-07
2.1519e-07
5.22235e-08
1.52437e-08
-0.000135273
0.000793381
0.000235379
6.05915e-05
1.50606e-05
3.6838e-06
8.92449e-07
2.14988e-07
5.21851e-08
1.52348e-08
-0.000519301
0.000766865
0.000233408
6.03789e-05
1.50319e-05
3.67937e-06
8.91702e-07
2.14854e-07
5.21595e-08
1.52288e-08
-0.00069992
0.000753447
0.000232415
6.02722e-05
1.50175e-05
3.67716e-06
8.91329e-07
2.14786e-07
5.21467e-08
1.52258e-08
0.0168567
0.00345374
0.00078011
0.000187193
4.53114e-05
1.09454e-05
2.63381e-06
6.31923e-07
1.52985e-07
4.4574e-08
0.0154042
0.00325452
0.000760608
0.000184821
4.49745e-05
1.0892e-05
2.6246e-06
6.30239e-07
1.52661e-07
4.44977e-08
0.0129166
0.00305839
0.000742447
0.00018265
4.46685e-05
1.08436e-05
2.61632e-06
6.28728e-07
1.5237e-07
4.44296e-08
0.00992532
0.00286893
0.000725848
0.000180699
4.43953e-05
1.08007e-05
2.60898e-06
6.27394e-07
1.52115e-07
4.43697e-08
0.00694773
0.00269203
0.000711045
0.000178987
4.41572e-05
1.07634e-05
2.60263e-06
6.26243e-07
1.51894e-07
4.43181e-08
0.00431296
0.00253398
0.000698274
0.000177531
4.39559e-05
1.07321e-05
2.5973e-06
6.25278e-07
1.5171e-07
4.42751e-08
0.00214502
0.00240036
0.000687757
0.000176347
4.3793e-05
1.07067e-05
2.59301e-06
6.24502e-07
1.51562e-07
4.42405e-08
0.000456747
0.00229572
0.000679689
0.000175448
4.36698e-05
1.06876e-05
2.58977e-06
6.23918e-07
1.51451e-07
4.42146e-08
-0.000741438
0.00222369
0.000674223
0.000174844
4.35873e-05
1.06748e-05
2.58762e-06
6.23529e-07
1.51377e-07
4.41973e-08
-0.00139064
0.00218696
0.000671471
0.000174541
4.35461e-05
1.06685e-05
2.58654e-06
6.23337e-07
1.5134e-07
4.41888e-08
0.0237884
0.00507759
0.00119286
0.000289774
7.04219e-05
1.70346e-05
4.10109e-06
9.84142e-07
2.38271e-07
6.94248e-08
0.0221663
0.00482398
0.00116488
0.000286197
6.99037e-05
1.69518e-05
4.08678e-06
9.81522e-07
2.37766e-07
6.93062e-08
0.0188784
0.00456878
0.0011388
0.000282922
6.94329e-05
1.68769e-05
4.07391e-06
9.79172e-07
2.37315e-07
6.92002e-08
0.014768
0.00431872
0.00111494
0.00027998
6.9013e-05
1.68104e-05
4.06251e-06
9.77098e-07
2.36917e-07
6.9107e-08
0.0109337
0.00408362
0.00109365
0.000277399
6.86469e-05
1.67526e-05
4.05265e-06
9.75307e-07
2.36575e-07
6.90268e-08
0.00774577
0.00387262
0.00107527
0.000275205
6.83375e-05
1.6704e-05
4.04437e-06
9.73806e-07
2.36288e-07
6.89598e-08
0.00506758
0.00369301
0.00106013
0.000273421
6.80872e-05
1.66648e-05
4.0377e-06
9.72601e-07
2.36058e-07
6.89061e-08
0.002764
0.00355092
0.00104851
0.000272068
6.7898e-05
1.66352e-05
4.03268e-06
9.71695e-07
2.35885e-07
6.88659e-08
0.000915715
0.003452
0.00104064
0.000271159
6.77714e-05
1.66155e-05
4.02934e-06
9.71092e-07
2.3577e-07
6.88392e-08
-0.000201387
0.00340112
0.00103668
0.000270705
6.77084e-05
1.66057e-05
4.02769e-06
9.70795e-07
2.35714e-07
6.88261e-08
0.0253991
0.00598486
0.00146916
0.00036221
8.84793e-05
2.14421e-05
5.16567e-06
1.23992e-06
3.00224e-07
8.74791e-08
0.0236606
0.00572463
0.001437
0.000357872
8.78365e-05
2.13384e-05
5.14769e-06
1.23662e-06
2.99589e-07
8.73297e-08
0.0207445
0.0054635
0.00140707
0.000353905
8.72527e-05
2.12446e-05
5.13151e-06
1.23366e-06
2.9902e-07
8.71963e-08
0.017331
0.00520837
0.00137974
0.000350342
8.6732e-05
2.11614e-05
5.11719e-06
1.23105e-06
2.9852e-07
8.70789e-08
0.0140733
0.004968
0.00135538
0.000347219
8.62782e-05
2.10891e-05
5.1048e-06
1.2288e-06
2.98088e-07
8.6978e-08
0.0111645
0.00475077
0.00133437
0.000344566
8.58948e-05
2.10282e-05
5.09439e-06
1.22691e-06
2.97727e-07
8.68936e-08
0.00849164
0.00456403
0.00131707
0.00034241
8.55848e-05
2.09792e-05
5.08602e-06
1.22539e-06
2.97438e-07
8.68261e-08
0.00599541
0.00441472
0.00130379
0.000340774
8.53505e-05
2.09422e-05
5.07972e-06
1.22426e-06
2.97221e-07
8.67755e-08
0.00386047
0.00430975
0.00129481
0.000339677
8.51939e-05
2.09175e-05
5.07553e-06
1.2235e-06
2.97077e-07
8.67419e-08
0.00250884
0.00425541
0.00129029
0.00033913
8.51162e-05
2.09053e-05
5.07346e-06
1.22313e-06
2.97006e-07
8.67256e-08
0.0222501
0.00618124
0.00158878
0.000397898
9.77535e-05
2.37395e-05
5.7236e-06
1.37423e-06
3.32782e-07
9.69698e-08
0.0210316
0.0059438
0.00155621
0.000393279
9.7053e-05
2.36253e-05
5.70373e-06
1.37058e-06
3.32078e-07
9.68042e-08
0.0192661
0.00571031
0.001526
0.000389058
9.64169e-05
2.35221e-05
5.68584e-06
1.36731e-06
3.31449e-07
9.66564e-08
0.0171977
0.00548514
0.0014985
0.000385272
9.58498e-05
2.34305e-05
5.67001e-06
1.36442e-06
3.30894e-07
9.65264e-08
0.0150552
0.00527387
0.00147407
0.000381954
9.53558e-05
2.3351e-05
5.65632e-06
1.36192e-06
3.30416e-07
9.64146e-08
0.0128992
0.00508244
0.00145305
0.000379138
9.49385e-05
2.3284e-05
5.64482e-06
1.35983e-06
3.30016e-07
9.63211e-08
0.0106975
0.00491692
0.00143577
0.000376852
9.46011e-05
2.323e-05
5.63557e-06
1.35816e-06
3.29696e-07
9.62463e-08
0.00850328
0.00478373
0.00142253
0.000375119
9.43463e-05
2.31894e-05
5.62861e-06
1.3569e-06
3.29455e-07
9.61903e-08
0.00656258
0.00468961
0.00141358
0.000373957
9.4176e-05
2.31623e-05
5.62399e-06
1.35606e-06
3.29296e-07
9.61532e-08
0.00531217
0.00464077
0.0014091
0.000373379
9.40917e-05
2.31489e-05
5.62171e-06
1.35565e-06
3.29219e-07
9.61352e-08
0.0171575
0.00576585
0.00155037
0.000394275
9.74188e-05
2.37092e-05
5.7209e-06
1.374e-06
3.32762e-07
9.69682e-08
0.0163697
0.00556333
0.00152028
0.000389827
9.67298e-05
2.35958e-05
5.70108e-06
1.37035e-06
3.32059e-07
9.68027e-08
0.0154714
0.00536966
0.0014925
0.000385766
9.61045e-05
2.34933e-05
5.68324e-06
1.36708e-06
3.31429e-07
9.66549e-08
0.0144542
0.00518694
0.00146733
0.000382126
9.55471e-05
2.34023e-05
5.66746e-06
1.36419e-06
3.30875e-07
9.65249e-08
0.0133102
0.00501797
0.00144505
0.000378941
9.50616e-05
2.33234e-05
5.65381e-06
1.3617e-06
3.30398e-07
9.64132e-08
0.0120159
0.00486612
0.00142595
0.000376239
9.46517e-05
2.32569e-05
5.64234e-06
1.35962e-06
3.29998e-07
9.63198e-08
0.0105695
0.00473544
0.0014103
0.000374047
9.43204e-05
2.32034e-05
5.63313e-06
1.35794e-06
3.29678e-07
9.6245e-08
0.00905862
0.00463063
0.00139834
0.000372387
9.40703e-05
2.31631e-05
5.6262e-06
1.35668e-06
3.29438e-07
9.61891e-08
0.00769714
0.00455678
0.00139027
0.000371275
9.39033e-05
2.31362e-05
5.62159e-06
1.35585e-06
3.29279e-07
9.61521e-08
0.006816
0.00451861
0.00138624
0.000370723
9.38207e-05
2.3123e-05
5.61933e-06
1.35544e-06
3.29202e-07
9.61342e-08
0.0119446
0.00487949
0.00136774
0.000352694
8.76021e-05
2.13627e-05
5.1586e-06
1.2393e-06
3.00172e-07
8.74749e-08
0.0113709
0.0047162
0.00134228
0.000348809
8.69897e-05
2.1261e-05
5.14076e-06
1.23601e-06
2.99538e-07
8.73256e-08
0.0108743
0.00456407
0.00131887
0.000345264
8.6434e-05
2.11691e-05
5.12471e-06
1.23307e-06
2.9897e-07
8.71923e-08
0.0103867
0.00442405
0.00129774
0.000342091
8.59388e-05
2.10876e-05
5.11051e-06
1.23046e-06
2.98471e-07
8.70751e-08
0.00983929
0.00429737
0.00127912
0.000339315
8.55077e-05
2.10169e-05
5.09823e-06
1.22822e-06
2.9804e-07
8.69743e-08
0.00919115
0.0041857
0.00126322
0.000336963
8.51437e-05
2.09574e-05
5.08792e-06
1.22634e-06
2.9768e-07
8.68902e-08
0.00844627
0.00409121
0.00125024
0.000335057
8.48497e-05
2.09094e-05
5.07963e-06
1.22483e-06
2.97391e-07
8.68228e-08
0.00766544
0.00401658
0.00124036
0.000333614
8.46278e-05
2.08733e-05
5.0734e-06
1.2237e-06
2.97175e-07
8.67724e-08
0.00696935
0.00396471
0.00123371
0.000332649
8.44797e-05
2.08492e-05
5.06927e-06
1.22295e-06
2.97033e-07
8.67391e-08
0.00652723
0.00393822
0.0012304
0.00033217
8.44066e-05
2.08374e-05
5.06724e-06
1.22259e-06
2.96963e-07
8.67231e-08
0.00744227
0.0036691
0.00106556
0.000277943
6.93353e-05
1.69363e-05
4.09234e-06
9.83377e-07
2.38207e-07
6.94195e-08
0.00697738
0.00354798
0.00104628
0.000274936
6.8855e-05
1.6856e-05
4.07821e-06
9.80771e-07
2.37703e-07
6.93011e-08
0.00661825
0.00343722
0.0010286
0.000272195
6.84193e-05
1.67835e-05
4.0655e-06
9.78434e-07
2.37253e-07
6.91953e-08
0.00632085
0.0033374
0.0010127
0.000269742
6.80311e-05
1.67192e-05
4.05426e-06
9.76372e-07
2.36856e-07
6.91023e-08
0.00603987
0.00324912
0.000998737
0.000267599
6.76933e-05
1.66634e-05
4.04453e-06
9.74593e-07
2.36515e-07
6.90223e-08
0.00575507
0.00317317
0.000986859
0.000265784
6.74081e-05
1.66164e-05
4.03637e-06
9.73103e-07
2.36229e-07
6.89556e-08
0.00547245
0.00311049
0.000977196
0.000264313
6.71779e-05
1.65785e-05
4.02981e-06
9.71907e-07
2.36001e-07
6.89022e-08
0.00521485
0.00306221
0.000969861
0.000263202
6.70042e-05
1.65501e-05
4.02489e-06
9.71011e-07
2.3583e-07
6.88623e-08
0.0050139
0.00302942
0.000964943
0.000262459
6.68884e-05
1.65311e-05
4.02162e-06
9.70418e-07
2.35717e-07
6.88359e-08
0.00490298
0.00301301
0.000962503
0.000262091
6.68313e-05
1.65218e-05
4.02002e-06
9.7013e-07
2.35662e-07
6.88233e-08
0.00392392
0.00226437
0.000675125
0.000177555
4.44299e-05
1.08658e-05
2.62671e-06
6.31301e-07
1.52932e-07
4.45695e-08
0.00357982
0.00218915
0.000663105
0.000175657
4.41241e-05
1.08144e-05
2.61765e-06
6.29628e-07
1.52609e-07
4.44934e-08
0.00330719
0.00212104
0.000652109
0.000173928
4.38467e-05
1.0768e-05
2.6095e-06
6.28128e-07
1.5232e-07
4.44255e-08
0.00309476
0.00206051
0.000642242
0.000172381
4.35996e-05
1.07269e-05
2.60229e-06
6.26805e-07
1.52065e-07
4.43658e-08
0.00293077
0.00200791
0.0006336
0.00017103
4.33846e-05
1.06912e-05
2.59606e-06
6.25664e-07
1.51846e-07
4.43145e-08
0.00281519
0.00196363
0.000626268
0.000169886
4.32032e-05
1.06611e-05
2.59083e-06
6.24708e-07
1.51663e-07
4.42716e-08
0.0027542
0.00192801
0.00062032
0.000168961
4.30568e-05
1.06369e-05
2.58663e-06
6.23942e-07
1.51516e-07
4.42374e-08
0.0027478
0.0019013
0.000615818
0.000168262
4.29464e-05
1.06188e-05
2.58348e-06
6.23368e-07
1.51407e-07
4.42118e-08
0.00278171
0.00188364
0.000612809
0.000167795
4.28729e-05
1.06067e-05
2.58139e-06
6.22989e-07
1.51335e-07
4.4195e-08
0.00282476
0.00187503
0.000611323
0.000167565
4.28368e-05
1.06008e-05
2.58038e-06
6.22807e-07
1.513e-07
4.4187e-08
0.00122156
0.000763919
0.000230996
6.10155e-05
1.52929e-05
3.74242e-06
9.04924e-07
2.1751e-07
5.26935e-08
1.53569e-08
0.0010828
0.000738283
0.000226911
6.03667e-05
1.51879e-05
3.72474e-06
9.01803e-07
2.16933e-07
5.25821e-08
1.53307e-08
0.000968406
0.000715147
0.000223179
5.97758e-05
1.50928e-05
3.70879e-06
8.98996e-07
2.16416e-07
5.24825e-08
1.53073e-08
0.000879017
0.000694706
0.000219833
5.92475e-05
1.5008e-05
3.69463e-06
8.96515e-07
2.1596e-07
5.23948e-08
1.52867e-08
0.000816024
0.000677118
0.000216907
5.87863e-05
1.49342e-05
3.68236e-06
8.9437e-07
2.15567e-07
5.23193e-08
1.5269e-08
0.000783175
0.000662511
0.000214429
5.83962e-05
1.48721e-05
3.67204e-06
8.92571e-07
2.15239e-07
5.22563e-08
1.52543e-08
0.000783251
0.000650962
0.000212423
5.80807e-05
1.48219e-05
3.66374e-06
8.91127e-07
2.14975e-07
5.22059e-08
1.52425e-08
0.000812806
0.000642481
0.000210908
5.78427e-05
1.47841e-05
3.65751e-06
8.90047e-07
2.14779e-07
5.21683e-08
1.52338e-08
0.000858976
0.000637006
0.0002099
5.76845e-05
1.47591e-05
3.65339e-06
8.89335e-07
2.14649e-07
5.21438e-08
1.52281e-08
0.000898922
0.000634423
0.000209408
5.76076e-05
1.4747e-05
3.65142e-06
8.88998e-07
2.14589e-07
5.21324e-08
1.52255e-08
)
;

boundaryField
{
    strip0
    {
        type            fixedValue;
        value           uniform 1;
    }
    back1
    {
        type            fixedValue;
        value           uniform 0;
    }
    back2
    {
        type            fixedValue;
        value           uniform 0;
    }
    back3
    {
        type            fixedValue;
        value           uniform 0;
    }
    back4
    {
        type            fixedValue;
        value           uniform 0;
    }
    back5
    {
        type            fixedValue;
        value           uniform 0;
    }
    back6
    {
        type            fixedValue;
        value           uniform 0;
    }
    back7
    {
        type            fixedValue;
        value           uniform 0;
    }
    back8
    {
        type            fixedValue;
        value           uniform 0;
    }
    back9
    {
        type            fixedValue;
        value           uniform 0;
    }
    front1
    {
        type            fixedValue;
        value           uniform 0;
    }
    front2
    {
        type            fixedValue;
        value           uniform 0;
    }
    front3
    {
        type            fixedValue;
        value           uniform 0;
    }
    front4
    {
        type            fixedValue;
        value           uniform 0;
    }
    front6
    {
        type            fixedValue;
        value           uniform 0;
    }
    front7
    {
        type            fixedValue;
        value           uniform 0;
    }
    front8
    {
        type            fixedValue;
        value           uniform 0;
    }
    front9
    {
        type            fixedValue;
        value           uniform 0;
    }
    defaultFaces
    {
        type            empty;
    }
}


// ************************************************************************* //
