/*--------------------------------*- C++ -*----------------------------------*\
| =========                 |                                                 |
| \\      /  F ield         | OpenFOAM: The Open Source CFD Toolbox           |
|  \\    /   O peration     | Version:  2.4.0                                 |
|   \\  /    A nd           | Web:      www.OpenFOAM.org                      |
|    \\/     M anipulation  |                                                 |
\*---------------------------------------------------------------------------*/
FoamFile
{
    version     2.0;
    format      ascii;
    class       volScalarField;
    location    "0.015";
    object      phi;
}
// * * * * * * * * * * * * * * * * * * * * * * * * * * * * * * * * * * * * * //

dimensions      [1 2 -3 0 0 -1 0];

internalField   nonuniform List<scalar> 
9000
(
0.00898772
0.00900953
0.00905129
0.00910933
0.00917804
0.0092499
0.00931553
0.00936398
0.0093831
0.00936034
0.00920402
0.00923199
0.00928601
0.00936216
0.0094544
0.00955444
0.00965171
0.00973345
0.00978514
0.00979134
0.00964275
0.00968402
0.00976453
0.00988005
0.0100238
0.0101861
0.010354
0.0105109
0.0106372
0.0107108
0.0103157
0.0103794
0.0105048
0.0106877
0.0109205
0.011192
0.0114857
0.0117792
0.0120437
0.0122454
0.0112394
0.0113378
0.0115332
0.011822
0.0121971
0.0126464
0.0131497
0.0136765
0.014184
0.0146176
0.0124334
0.0125831
0.0128826
0.0133313
0.0139255
0.0146548
0.0154976
0.0164145
0.0173425
0.0181921
0.0139171
0.01414
0.0145896
0.0152725
0.0161944
0.0173548
0.018738
0.0203001
0.0219533
0.0235523
0.0157063
0.0160302
0.0166892
0.0177043
0.0191027
0.0209102
0.023137
0.0257542
0.028657
0.0316189
0.0178076
0.0182657
0.0192058
0.0206752
0.0227423
0.0254893
0.0289963
0.0333045
0.0383457
0.0438178
0.0202133
0.020842
0.0221433
0.0242063
0.0271689
0.031218
0.0365816
0.0434959
0.0521101
0.0622382
0.0238683
0.0238905
0.0239312
0.0239826
0.0240338
0.0240701
0.0240746
0.024028
0.0239102
0.0237015
0.0243276
0.0243579
0.0244144
0.0244888
0.024569
0.024639
0.0246797
0.0246695
0.0245852
0.0244039
0.0252523
0.0252995
0.0253894
0.0255124
0.0256542
0.0257961
0.0259148
0.0259833
0.0259724
0.025852
0.0266532
0.0267281
0.0268725
0.027075
0.0273186
0.02758
0.0278296
0.0280322
0.028148
0.0281351
0.0285446
0.0286604
0.0288855
0.0292068
0.0296035
0.0300466
0.0304981
0.0309107
0.0312292
0.0313928
0.030941
0.031114
0.031453
0.0319428
0.0325591
0.0332664
0.034016
0.034745
0.0353758
0.0358195
0.0338528
0.0341033
0.0345969
0.0353176
0.0362382
0.0373174
0.0384947
0.0396876
0.0407884
0.041667
0.0372823
0.0376339
0.0383308
0.0393577
0.0406873
0.0422744
0.0440483
0.0459045
0.0476973
0.0492381
0.0412175
0.0416971
0.0426521
0.0440715
0.0459324
0.0481909
0.050771
0.0535481
0.0563328
0.0588582
0.0456284
0.0462637
0.0475346
0.0494386
0.0519633
0.0550752
0.058702
0.0627083
0.0668632
0.0708053
0.0326185
0.032611
0.0325926
0.0325565
0.0324932
0.0323905
0.0322341
0.0320088
0.0316992
0.0312907
0.0330984
0.0330957
0.0330866
0.0330639
0.0330171
0.0329329
0.0327957
0.0325887
0.0322944
0.0318967
0.0340595
0.0340669
0.0340772
0.0340824
0.0340701
0.0340248
0.033928
0.0337595
0.0334983
0.0331241
0.0355042
0.0355275
0.0355689
0.0356185
0.0356615
0.035679
0.035648
0.035543
0.0353371
0.0350035
0.0374341
0.0374802
0.0375662
0.03768
0.0378035
0.0379128
0.0379791
0.0379693
0.0378478
0.0375786
0.0398482
0.0399253
0.040072
0.0402737
0.0405078
0.0407448
0.0409477
0.0410736
0.041075
0.0409031
0.0427406
0.0428582
0.0430845
0.0434017
0.0437826
0.0441904
0.0445784
0.044891
0.0450656
0.0450353
0.0460977
0.0462664
0.0465935
0.0470579
0.0476271
0.0482562
0.0488872
0.0494491
0.0498595
0.0500285
0.0498955
0.0501268
0.0505775
0.0512234
0.0520265
0.0529334
0.0538731
0.0547568
0.0554782
0.0559176
0.0540975
0.0544029
0.0550004
0.0558629
0.056947
0.0581904
0.0595086
0.0607927
0.0619085
0.0626999
0.0355287
0.0354941
0.0354226
0.0353103
0.0351512
0.034938
0.0346624
0.0343157
0.0338895
0.0333762
0.0359226
0.0358899
0.0358222
0.0357152
0.0355623
0.0353558
0.0350867
0.0347455
0.0343228
0.0338103
0.036709
0.0366803
0.0366204
0.0365242
0.0363844
0.0361919
0.0359363
0.0356065
0.0351915
0.0346812
0.0378849
0.0378626
0.0378149
0.0377359
0.0376167
0.0374465
0.0372127
0.0369016
0.0364997
0.035994
0.0394453
0.0394319
0.0394015
0.0393467
0.039257
0.0391189
0.0389167
0.0386335
0.0382517
0.037755
0.0413816
0.0413801
0.0413728
0.0413505
0.0413004
0.0412059
0.0410473
0.0408031
0.040451
0.0399695
0.0436812
0.043695
0.0437171
0.0437367
0.043738
0.0437003
0.0435993
0.0434078
0.0430972
0.0426397
0.0463261
0.0463587
0.0464175
0.0464892
0.0465547
0.0465887
0.0465613
0.0464383
0.0461836
0.0457611
0.0492921
0.0493473
0.04945
0.0495846
0.0497279
0.0498497
0.0499131
0.0498761
0.0496935
0.0493193
0.0525481
0.0526295
0.0527834
0.0529914
0.0532263
0.0534518
0.0536236
0.0536907
0.0535972
0.0532855
0.034169
0.0341217
0.0340262
0.0338803
0.0336813
0.0334258
0.03311
0.0327301
0.0322826
0.0317648
0.034457
0.0344103
0.0343157
0.0341711
0.0339735
0.0337192
0.0334042
0.0330243
0.0325757
0.0320553
0.035031
0.0349854
0.0348928
0.0347509
0.0345562
0.0343045
0.0339912
0.0336115
0.0331609
0.0326355
0.0358869
0.035843
0.0357535
0.0356158
0.0354258
0.0351784
0.034868
0.034489
0.0340357
0.0335034
0.0370181
0.0369765
0.0368916
0.0367599
0.0365765
0.0363354
0.0360298
0.0356524
0.0351963
0.0346554
0.0384154
0.038377
0.038298
0.0381744
0.0380002
0.0377679
0.0374691
0.0370948
0.0366364
0.0360859
0.0400664
0.0400321
0.0399609
0.0398477
0.0396853
0.0394647
0.0391755
0.0388065
0.0383468
0.0377862
0.0419556
0.0419263
0.0418646
0.0417644
0.041617
0.0414114
0.0411349
0.0407738
0.0403144
0.0397439
0.0440638
0.0440405
0.0439902
0.0439056
0.0437764
0.0435893
0.0433289
0.0429786
0.0425216
0.0419419
0.0463678
0.0463516
0.0463145
0.0462482
0.0461404
0.0459753
0.0457345
0.0453982
0.0449459
0.0443581
0.030089
0.0300417
0.0299465
0.0298028
0.0296096
0.0293656
0.0290697
0.0287206
0.0283176
0.0278602
0.0302868
0.0302394
0.0301442
0.0300004
0.0298068
0.0295623
0.0292654
0.0289148
0.0285097
0.0280495
0.0306805
0.0306331
0.0305379
0.0303938
0.0301996
0.0299539
0.0296551
0.0293017
0.0288924
0.0284266
0.0312666
0.0312192
0.0311239
0.0309795
0.0307846
0.0305373
0.0302358
0.0298781
0.0294628
0.0289887
0.0320397
0.0319923
0.031897
0.0317523
0.0315564
0.0313073
0.0310023
0.0306393
0.0302161
0.0297313
0.0329922
0.032945
0.0328498
0.0327049
0.0325081
0.0322568
0.0319479
0.0315786
0.031146
0.0306481
0.0341149
0.0340679
0.0339729
0.033828
0.0336305
0.033377
0.0330638
0.0326873
0.032244
0.031731
0.0353961
0.0353495
0.035255
0.0351103
0.0349122
0.0346566
0.034339
0.0339547
0.0334996
0.0329698
0.0368224
0.0367762
0.0366825
0.0365384
0.03634
0.0360824
0.0357603
0.0353679
0.0348999
0.0343518
0.0383783
0.0383326
0.0382398
0.0380966
0.0378982
0.0376389
0.0373123
0.0369115
0.03643
0.035862
0.0244157
0.0243755
0.024295
0.0241741
0.0240125
0.0238101
0.0235667
0.0232824
0.0229575
0.0225924
0.0245455
0.0245051
0.0244243
0.0243029
0.0241407
0.0239374
0.0236929
0.0234072
0.0230804
0.0227131
0.0248036
0.024763
0.0246817
0.0245594
0.0243959
0.0241908
0.023944
0.0236554
0.023325
0.0229534
0.0251877
0.0251467
0.0250645
0.0249409
0.0247755
0.0245678
0.0243177
0.0240247
0.0236891
0.023311
0.0256938
0.0256523
0.025569
0.0254437
0.0252758
0.0250648
0.0248102
0.0245117
0.024169
0.0237824
0.0263167
0.0262746
0.02619
0.0260626
0.0258917
0.0256766
0.0254167
0.0251113
0.0247601
0.0243632
0.02705
0.0270072
0.0269211
0.0267913
0.026617
0.0263972
0.026131
0.0258177
0.0254565
0.0250474
0.027886
0.0278424
0.0277547
0.0276222
0.027444
0.0272189
0.0269457
0.0266234
0.026251
0.0258281
0.0288158
0.0287713
0.0286818
0.0285464
0.028364
0.0281331
0.0278523
0.02752
0.0271352
0.026697
0.0298291
0.0297838
0.0296924
0.029554
0.029367
0.02913
0.0288408
0.0284979
0.0280997
0.0276451
0.0178642
0.0178346
0.0177752
0.0176863
0.0175678
0.01742
0.0172431
0.0170374
0.0168035
0.016542
0.0179445
0.0179147
0.0178551
0.0177658
0.0176468
0.0174983
0.0173205
0.0171138
0.0168786
0.0166157
0.0181043
0.0180743
0.0180141
0.017924
0.0178039
0.017654
0.0174745
0.0172657
0.0170281
0.0167623
0.0183419
0.0183115
0.0182506
0.0181593
0.0180376
0.0178856
0.0177036
0.0174917
0.0172504
0.0169804
0.0186548
0.0186239
0.018562
0.0184692
0.0183454
0.0181908
0.0180053
0.0177894
0.0175433
0.0172677
0.0190399
0.0190083
0.0189453
0.0188506
0.0187242
0.0185662
0.0183767
0.0181557
0.0179038
0.0176213
0.019493
0.0194607
0.0193962
0.0192993
0.01917
0.0190081
0.0188138
0.018587
0.0183281
0.0180375
0.0200094
0.0199763
0.0199102
0.0198108
0.0196781
0.0195118
0.019312
0.0190786
0.0188118
0.0185121
0.0205836
0.0205496
0.0204817
0.0203796
0.0202431
0.020072
0.0198661
0.0196253
0.0193499
0.01904
0.0212096
0.0211746
0.0211048
0.0209997
0.0208591
0.0206827
0.0204702
0.0202215
0.0199365
0.0196155
0.0108575
0.0108396
0.0108036
0.0107499
0.0106783
0.0105893
0.0104829
0.0103595
0.0102195
0.0100635
0.010901
0.010883
0.0108469
0.0107929
0.010721
0.0106315
0.0105246
0.0104007
0.01026
0.0101031
0.0109875
0.0109693
0.0109329
0.0108784
0.0108059
0.0107156
0.0106077
0.0104825
0.0103405
0.010182
0.0111161
0.0110977
0.0110608
0.0110056
0.0109321
0.0108406
0.0107312
0.0106042
0.0104601
0.0102994
0.0112855
0.0112668
0.0112293
0.0111731
0.0110984
0.0110052
0.0108938
0.0107646
0.0106178
0.0104539
0.0114939
0.0114748
0.0114365
0.0113792
0.0113029
0.0112078
0.011094
0.0109619
0.0108117
0.0106441
0.0117392
0.0117196
0.0116804
0.0116217
0.0115436
0.0114462
0.0113296
0.0111941
0.01104
0.010868
0.0120187
0.0119986
0.0119584
0.0118982
0.011818
0.0117179
0.0115981
0.0114587
0.0113003
0.0111232
0.0123295
0.0123089
0.0122676
0.0122056
0.0121231
0.0120201
0.0118967
0.0117532
0.0115898
0.011407
0.0126683
0.0126471
0.0126046
0.0125409
0.0124558
0.0123496
0.0122224
0.0120742
0.0119055
0.0117167
0.00363947
0.00363347
0.00362148
0.00360354
0.0035797
0.00355002
0.00351462
0.00347359
0.0034271
0.00337532
0.00365321
0.00364718
0.00363514
0.00361712
0.00359317
0.00356336
0.00352779
0.00348658
0.00343986
0.00338783
0.00368054
0.00367446
0.00366232
0.00364414
0.00361997
0.0035899
0.003554
0.0035124
0.00346524
0.00341271
0.00372119
0.00371503
0.00370272
0.00368431
0.00365982
0.00362935
0.00359297
0.0035508
0.00350298
0.0034497
0.00377471
0.00376845
0.00375594
0.00373721
0.00371231
0.0036813
0.00364428
0.00360136
0.00355269
0.00349843
0.00384056
0.00383417
0.0038214
0.00380229
0.00377687
0.00374522
0.00370742
0.00366358
0.00361385
0.00355839
0.00391804
0.00391151
0.00389845
0.00387889
0.00385287
0.00382046
0.00378174
0.00373682
0.00368584
0.00362898
0.00400637
0.00399966
0.00398627
0.0039662
0.00393951
0.00390623
0.00386647
0.00382032
0.00376792
0.00370945
0.00410462
0.00409772
0.00408395
0.00406332
0.00403586
0.00400163
0.00396071
0.00391319
0.00385922
0.00379897
0.00421179
0.00420466
0.00419047
0.00416923
0.00414094
0.00410567
0.00406348
0.00401448
0.00395879
0.00389659
0.0442876
0.0467699
0.0520244
0.0606759
0.073782
0.0930023
0.120866
0.161179
0.219617
0.304619
0.0499508
0.0525501
0.0580428
0.0670622
0.0806783
0.100565
0.129264
0.170585
0.230185
0.316443
0.0506789
0.0532797
0.0587754
0.0677992
0.0814208
0.101314
0.130019
0.171347
0.230952
0.317212
0.0508011
0.0534016
0.0588969
0.0679203
0.0815413
0.101433
0.130138
0.171464
0.231068
0.317326
0.0508253
0.053426
0.0589215
0.0679449
0.081566
0.101458
0.130162
0.171489
0.231093
0.317351
0.0508266
0.053427
0.0589222
0.0679454
0.0815663
0.101458
0.130162
0.171488
0.231092
0.31735
0.0508123
0.053413
0.0589084
0.0679319
0.081553
0.101445
0.13015
0.171476
0.23108
0.317339
0.0507292
0.0533299
0.0588255
0.0678492
0.0814707
0.101363
0.130068
0.171396
0.231001
0.31726
0.0501797
0.052779
0.0582719
0.0672917
0.0809083
0.100795
0.129495
0.170817
0.230417
0.316676
0.0452351
0.0477206
0.0529813
0.0616418
0.07476
0.0939954
0.121878
0.162216
0.22069
0.305749
0.0889968
0.0912679
0.0958709
0.10292
0.112566
0.124958
0.14018
0.158131
0.17833
0.199564
0.102325
0.104724
0.10958
0.117002
0.127131
0.140098
0.155964
0.174591
0.195447
0.217249
0.104295
0.106694
0.111552
0.118976
0.129105
0.142073
0.157936
0.176558
0.197403
0.219188
0.104643
0.107042
0.111899
0.119322
0.12945
0.142415
0.158276
0.176894
0.197735
0.219516
0.104708
0.107107
0.111963
0.119385
0.129512
0.142477
0.158336
0.176954
0.197793
0.219573
0.104717
0.107117
0.111974
0.119396
0.129524
0.142489
0.158349
0.176967
0.197808
0.219588
0.104672
0.107071
0.111928
0.11935
0.129478
0.142443
0.158302
0.176921
0.197761
0.219541
0.10444
0.106839
0.111697
0.11912
0.12925
0.142217
0.158079
0.1767
0.197544
0.219328
0.102987
0.105387
0.110244
0.117668
0.127798
0.140767
0.156635
0.175265
0.196123
0.217927
0.0917849
0.0940707
0.0987036
0.105799
0.115508
0.127983
0.143311
0.161399
0.181774
0.20324
0.0949678
0.0960336
0.0981422
0.101242
0.105246
0.110011
0.115329
0.120896
0.126296
0.13099
0.111133
0.112262
0.114493
0.117766
0.121981
0.126979
0.13253
0.138303
0.143853
0.148607
0.113904
0.11503
0.117257
0.120524
0.124729
0.129715
0.135249
0.140999
0.146521
0.151239
0.114424
0.11555
0.117775
0.121039
0.125242
0.130224
0.135752
0.141498
0.147013
0.151724
0.114535
0.115662
0.117887
0.121152
0.125354
0.130337
0.135865
0.14161
0.147126
0.151837
0.114536
0.115662
0.117886
0.12115
0.125352
0.130333
0.135861
0.141605
0.147119
0.151829
0.114477
0.115604
0.117829
0.121094
0.125296
0.130279
0.135807
0.141553
0.147068
0.15178
0.114128
0.115254
0.117481
0.120747
0.124952
0.129937
0.135469
0.141218
0.146738
0.151454
0.112144
0.113273
0.115504
0.118778
0.122994
0.127993
0.133544
0.139318
0.144867
0.14962
0.099269
0.100355
0.102504
0.105665
0.10975
0.114618
0.12006
0.125777
0.131359
0.13628
0.0840135
0.0843615
0.0850354
0.0859908
0.0871596
0.0884492
0.089742
0.0908961
0.0917491
0.0921255
0.0997862
0.100148
0.100847
0.101833
0.103032
0.104341
0.105631
0.106746
0.107512
0.107738
0.102913
0.103271
0.103962
0.104937
0.10612
0.107408
0.108671
0.109755
0.110482
0.110664
0.103546
0.103904
0.104594
0.105566
0.106745
0.108029
0.109287
0.110365
0.111086
0.11126
0.103668
0.104024
0.104713
0.105684
0.106862
0.108144
0.109401
0.110477
0.111195
0.111366
0.10369
0.104047
0.104737
0.105709
0.106888
0.108171
0.109429
0.110505
0.111225
0.111398
0.103602
0.103958
0.104648
0.105619
0.106798
0.108081
0.109338
0.110415
0.111134
0.111307
0.103193
0.103551
0.104242
0.105216
0.106398
0.107684
0.108946
0.110028
0.110753
0.110932
0.101041
0.101403
0.102102
0.103089
0.104288
0.105596
0.106884
0.107997
0.108759
0.10898
0.0892985
0.0896661
0.0903789
0.0913917
0.0926353
0.0940159
0.0954142
0.0966876
0.0976745
0.098205
0.0685554
0.0686089
0.0687056
0.0688243
0.0689342
0.0689951
0.0689596
0.0687745
0.0683839
0.0677324
0.0823469
0.0823921
0.0824704
0.0825586
0.082622
0.0826166
0.0824896
0.0821827
0.0816346
0.0807849
0.0854502
0.0854905
0.0855594
0.0856332
0.0856775
0.0856478
0.0854914
0.0851495
0.0845607
0.0836647
0.0861153
0.0861543
0.086221
0.0862918
0.0863321
0.0862974
0.086135
0.0857862
0.0851896
0.0842848
0.0862686
0.0863085
0.0863756
0.0864466
0.0864868
0.086452
0.0862894
0.0859404
0.0853435
0.0844386
0.0862664
0.0863049
0.0863711
0.0864413
0.0864807
0.0864451
0.0862815
0.0859313
0.0853331
0.0844265
0.0861907
0.0862303
0.0862974
0.0863684
0.0864088
0.0863743
0.086212
0.0858634
0.085267
0.0843624
0.0857557
0.0857956
0.0858638
0.0859367
0.0859798
0.0859485
0.08579
0.0854459
0.0848544
0.0839553
0.0836963
0.0837405
0.0838176
0.0839038
0.0839646
0.0839554
0.0838234
0.0835099
0.0829532
0.0820928
0.0742434
0.074315
0.0744468
0.0746167
0.074792
0.0749305
0.074982
0.0748897
0.0745943
0.0740376
0.0533413
0.0533028
0.0532212
0.0530887
0.0528935
0.0526212
0.052255
0.0517771
0.0511696
0.0504161
0.06454
0.064486
0.0643736
0.0641938
0.0639335
0.0635766
0.0631044
0.0624972
0.0617354
0.0608009
0.067359
0.0673008
0.0671795
0.0669862
0.0667078
0.0663281
0.0658286
0.0651893
0.0643908
0.0634151
0.0680037
0.0679449
0.0678221
0.0676262
0.0673445
0.0669605
0.0664559
0.0658107
0.0650055
0.0640224
0.0681314
0.0680714
0.0679475
0.0677507
0.0674678
0.0670825
0.0665763
0.0659292
0.0651219
0.0641362
0.0681584
0.0680997
0.0679766
0.0677804
0.067498
0.0671133
0.0666077
0.0659616
0.0651552
0.0641708
0.0680628
0.0680032
0.0678798
0.0676834
0.0674011
0.0670165
0.066511
0.0658649
0.0650585
0.0640741
0.0676617
0.0676032
0.0674813
0.067287
0.0670074
0.0666261
0.0661246
0.065483
0.0646818
0.0637031
0.0658673
0.065813
0.0656992
0.0655169
0.065253
0.0648912
0.0644125
0.063797
0.0630248
0.0620776
0.0588389
0.0588154
0.0587636
0.0586744
0.0585346
0.0583272
0.0580323
0.0576275
0.0570891
0.0563923
0.0395702
0.039516
0.0394064
0.0392387
0.0390091
0.0387129
0.0383449
0.0379
0.0373731
0.0367603
0.0480926
0.0480245
0.0478867
0.047676
0.0473884
0.0470186
0.046561
0.0460098
0.0453597
0.0446062
0.0504278
0.0503557
0.0502101
0.0499879
0.0496849
0.049296
0.0488155
0.0482376
0.0475571
0.0467697
0.0509816
0.0509084
0.0507611
0.0505364
0.0502302
0.0498373
0.049352
0.0487686
0.0480819
0.0472874
0.0511177
0.0510452
0.050898
0.0506733
0.0503668
0.0499736
0.0494879
0.0489041
0.048217
0.0474222
0.0511133
0.0510398
0.050892
0.0506669
0.05036
0.0499663
0.0494801
0.0488956
0.0482075
0.0474116
0.0510501
0.0509775
0.0508303
0.0506057
0.0502994
0.0499065
0.0494211
0.0488377
0.0481509
0.0473565
0.0506963
0.0506238
0.0504776
0.0502544
0.0499502
0.0495596
0.0490772
0.048497
0.0478138
0.0470234
0.0492536
0.0491843
0.0490443
0.0488304
0.0485384
0.0481628
0.0476976
0.047137
0.0464753
0.0457078
0.0443691
0.0443269
0.0442404
0.0441061
0.0439188
0.0436718
0.0433569
0.0429646
0.0424837
0.0419006
0.0272307
0.0271868
0.0270985
0.026965
0.0267854
0.0265584
0.026283
0.0259578
0.025582
0.0251552
0.0331604
0.0331058
0.0329961
0.0328307
0.0326083
0.0323277
0.0319875
0.0315866
0.031124
0.0305994
0.0349038
0.0348464
0.0347311
0.0345572
0.0343235
0.0340288
0.0336718
0.0332514
0.0327668
0.0322176
0.0353367
0.0352789
0.0351626
0.0349869
0.034751
0.0344535
0.0340931
0.0336688
0.0331798
0.0326258
0.0354236
0.0353652
0.0352484
0.0350723
0.0348358
0.0345376
0.0341763
0.033751
0.0332607
0.0327052
0.035445
0.0353872
0.0352707
0.0350947
0.0348583
0.0345602
0.0341992
0.0337741
0.0332843
0.0327293
0.0353773
0.0353191
0.0352025
0.0350267
0.0347905
0.0344926
0.0341318
0.033707
0.0332173
0.0326625
0.0351159
0.0350583
0.0349425
0.0347679
0.0345332
0.0342372
0.0338787
0.0334565
0.0329697
0.0324182
0.0340718
0.0340165
0.0339051
0.0337368
0.0335105
0.0332246
0.0328778
0.0324687
0.0319962
0.0314598
0.0309066
0.0308699
0.0307957
0.0306826
0.0305285
0.0303305
0.030085
0.0297875
0.029432
0.0290105
0.0159275
0.0159003
0.015846
0.0157645
0.0156554
0.0155186
0.015354
0.0151616
0.0149414
0.0146938
0.0194186
0.0193852
0.0193181
0.0192174
0.0190828
0.0189142
0.0187114
0.0184745
0.0182037
0.0178995
0.0204864
0.0204511
0.0203807
0.0202748
0.0201333
0.0199561
0.0197432
0.0194944
0.0192102
0.018891
0.0207544
0.0207187
0.0206475
0.0205405
0.0203976
0.0202186
0.0200034
0.0197522
0.019465
0.0191426
0.0208239
0.0207883
0.0207169
0.0206097
0.0204664
0.020287
0.0200715
0.0198199
0.0195324
0.0192095
0.0208198
0.020784
0.0207127
0.0206055
0.0204623
0.020283
0.0200674
0.0198156
0.0195279
0.0192047
0.02079
0.0207544
0.0206831
0.020576
0.0204329
0.0202538
0.0200384
0.019787
0.0194998
0.0191771
0.0206206
0.0205852
0.0205144
0.020408
0.0202659
0.0200878
0.0198738
0.0196239
0.0193382
0.0190174
0.0199896
0.0199554
0.019887
0.0197843
0.0196468
0.0194745
0.019267
0.0190243
0.0187465
0.0184339
0.018223
0.0181991
0.0181509
0.0180777
0.0179787
0.0178526
0.0176976
0.0175115
0.0172914
0.0170333
0.00524327
0.00523421
0.00521608
0.0051889
0.00515265
0.00510735
0.00505303
0.00498974
0.00491761
0.0048368
0.00639233
0.00638118
0.00635888
0.0063254
0.00628075
0.00622496
0.00615806
0.00608016
0.00599141
0.00589203
0.00675372
0.00674196
0.00671845
0.0066832
0.00663622
0.00657754
0.00650721
0.00642536
0.00633213
0.00622777
0.00684689
0.00683499
0.0068112
0.00677555
0.00672806
0.00666876
0.0065977
0.00651501
0.00642084
0.00631545
0.00686508
0.00685324
0.00682953
0.00679391
0.0067464
0.00668701
0.00661583
0.00653295
0.00643856
0.0063329
0.00687074
0.00685878
0.0068349
0.00679915
0.00675153
0.00669208
0.00662087
0.006538
0.00644365
0.00633804
0.00685532
0.00684347
0.00681974
0.00678414
0.00673665
0.00667732
0.00660621
0.00652343
0.00642915
0.00632362
0.00680022
0.0067884
0.00676477
0.00672934
0.00668212
0.00662314
0.00655246
0.00647018
0.00637647
0.00627157
0.00658968
0.00657825
0.00655541
0.00652112
0.00647539
0.00641821
0.00634958
0.00626959
0.00617833
0.00607601
0.0060182
0.00600976
0.00599277
0.00596701
0.00593212
0.00588766
0.00583301
0.00576745
0.00569004
0.00559965
0.0214814
0.0220604
0.0232477
0.0251012
0.0277007
0.031132
0.0354473
0.0405724
0.0460927
0.0507515
0.0191219
0.0195315
0.0203615
0.021631
0.023357
0.0255365
0.0281099
0.0308952
0.0334784
0.0350634
0.017071
0.0173529
0.0179177
0.0187647
0.0198832
0.0212392
0.0227523
0.024262
0.0254847
0.0259797
0.0153272
0.0155162
0.015891
0.016443
0.017153
0.0179826
0.0188622
0.019673
0.0202271
0.0202454
0.0138751
0.0139975
0.0142378
0.0145852
0.0150201
0.0155091
0.0159987
0.0164068
0.0166127
0.016445
0.0126945
0.0127691
0.0129132
0.0131162
0.0133601
0.0136172
0.0138477
0.0139964
0.0139902
0.0137368
0.0117672
0.011807
0.0118816
0.0119802
0.0120859
0.0121745
0.0122142
0.0121658
0.0119853
0.0116314
0.0110798
0.0110948
0.0111194
0.0111424
0.0111464
0.0111074
0.0109947
0.0107729
0.0104076
0.0098785
0.0106243
0.0106229
0.0106143
0.0105863
0.0105199
0.0103884
0.0101564
0.0097797
0.00920848
0.00840091
0.0103972
0.0103875
0.010362
0.0103077
0.0102042
0.0100217
0.00971817
0.00923444
0.00848337
0.00732397
0.0502166
0.0508667
0.0521598
0.0540774
0.0565751
0.0595573
0.0628293
0.0660042
0.068308
0.0681337
0.045989
0.0464923
0.0474909
0.048967
0.0508849
0.0531812
0.0557531
0.0584526
0.0611203
0.0637719
0.0422036
0.0425915
0.0433626
0.044507
0.0460092
0.0478516
0.0500276
0.0525797
0.0557044
0.0600093
0.0388711
0.0391665
0.0397556
0.0406354
0.0418047
0.0432718
0.0450687
0.0472812
0.0501005
0.0538932
0.0359899
0.0362071
0.0366409
0.0372903
0.0381573
0.0392527
0.0406043
0.0422676
0.0443321
0.0469019
0.0335584
0.0337068
0.0340019
0.0344397
0.0350168
0.0357332
0.0365952
0.037617
0.0388139
0.0401741
0.0315821
0.0316699
0.0318412
0.0320858
0.0323896
0.0327356
0.0331044
0.033475
0.0338242
0.034122
0.0300746
0.0301119
0.0301786
0.0302569
0.0303199
0.0303299
0.0302381
0.0299856
0.0295124
0.0287834
0.0290544
0.0290547
0.0290441
0.0289976
0.0288752
0.0286181
0.0281431
0.0273376
0.026062
0.024183
0.0285391
0.02852
0.0284679
0.0283535
0.0281281
0.0277173
0.0270084
0.0258296
0.0239079
0.0207753
0.0619459
0.0623411
0.0631121
0.0642169
0.0655766
0.0670485
0.06837
0.0690364
0.0680194
0.0630766
0.0580862
0.0584252
0.0590911
0.0600592
0.0612869
0.0627068
0.0642194
0.0656918
0.0670013
0.0682654
0.054554
0.0548509
0.0554424
0.0563262
0.0575044
0.0589947
0.060859
0.0632693
0.0666681
0.0721486
0.0513594
0.0516172
0.0521379
0.052935
0.0540389
0.0555142
0.0574907
0.0602215
0.0641807
0.0702095
0.0485114
0.0487245
0.0491587
0.0498318
0.0507807
0.0520742
0.0538344
0.0562655
0.059686
0.0645362
0.0460299
0.0461903
0.0465169
0.0470222
0.0477319
0.0486926
0.0499824
0.0517215
0.0540756
0.0572299
0.0439517
0.0440545
0.0442608
0.0445713
0.0449901
0.0455285
0.0462088
0.0470686
0.0481638
0.0495617
0.0423253
0.0423729
0.0424622
0.0425795
0.0427034
0.0428045
0.0428434
0.0427729
0.0425487
0.0421615
0.0412032
0.0412069
0.0412026
0.0411627
0.0410418
0.0407703
0.0402441
0.0393145
0.0377851
0.0354524
0.0406298
0.0406096
0.040553
0.040424
0.0401618
0.0396687
0.0387893
0.0372741
0.0347068
0.0303482
0.0626552
0.06287
0.0632854
0.0638731
0.0645791
0.0653041
0.0658623
0.0658907
0.0646434
0.0605009
0.0598489
0.0600563
0.0604639
0.0610581
0.0618142
0.0626919
0.0636279
0.0645296
0.0652919
0.0659238
0.0572206
0.0574246
0.0578342
0.0584546
0.0592987
0.0603957
0.0618116
0.0636951
0.0663861
0.0706733
0.0547799
0.0549748
0.0553728
0.0559931
0.0568735
0.058085
0.0597566
0.0621208
0.0655887
0.0708645
0.0525415
0.0527145
0.0530712
0.0536348
0.0544498
0.0555939
0.057198
0.0594731
0.0627451
0.0674765
0.0505363
0.0506729
0.0509547
0.0513998
0.0520422
0.052941
0.0541925
0.0559443
0.0584103
0.0618677
0.0488141
0.048904
0.0490871
0.0493691
0.0497628
0.0502924
0.051
0.0519554
0.0532687
0.0551009
0.0474378
0.0474788
0.0475572
0.0476633
0.0477825
0.0478955
0.0479776
0.0480047
0.0479688
0.0479212
0.0464733
0.0464736
0.0464642
0.0464203
0.0463007
0.046041
0.0455431
0.0446649
0.0432165
0.0410032
0.0459758
0.0459537
0.0458941
0.045763
0.045502
0.0450147
0.0441446
0.042634
0.0400417
0.0355664
0.0573698
0.0575059
0.0577739
0.0581679
0.0586744
0.0592659
0.0598863
0.0604185
0.0606137
0.0599293
0.0555398
0.0556826
0.0559677
0.056396
0.0569674
0.0576802
0.0585276
0.0594951
0.0605622
0.0617332
0.0537697
0.0539159
0.0542121
0.0546679
0.0553004
0.0561383
0.0572301
0.0586606
0.0605875
0.0633249
0.0520738
0.0522152
0.0525051
0.0529594
0.0536068
0.0544954
0.0557046
0.0573625
0.0596752
0.0629652
0.0504745
0.0505996
0.0508579
0.0512666
0.0518567
0.0526805
0.0538212
0.0554074
0.0576312
0.0607601
0.049008
0.0491049
0.0493051
0.0496213
0.0500775
0.0507151
0.0516005
0.052837
0.0545795
0.0570438
0.047725
0.0477853
0.0479082
0.0480975
0.0483619
0.048719
0.0492014
0.0498671
0.0508169
0.0522172
0.0466852
0.0467068
0.0467472
0.0467981
0.0468477
0.0468808
0.0468801
0.0468337
0.0467538
0.0467218
0.0459494
0.0459386
0.0459092
0.0458409
0.0457006
0.045437
0.044973
0.0441986
0.0429705
0.041151
0.0455678
0.0455393
0.0454697
0.0453316
0.0450776
0.04463
0.0438624
0.0425665
0.0403829
0.0366527
0.0489373
0.0490417
0.0492536
0.0495833
0.0500479
0.050674
0.0515036
0.052605
0.0540982
0.0562178
0.0478118
0.0479224
0.0481479
0.0484994
0.0489946
0.0496602
0.0505342
0.0516673
0.0531207
0.0549442
0.0466728
0.0467818
0.0470046
0.0473521
0.0478421
0.0484997
0.0493585
0.0504571
0.0518298
0.0534793
0.04554
0.0456391
0.0458424
0.04616
0.0466085
0.0472122
0.0480035
0.049021
0.0503048
0.0518824
0.0444419
0.0445234
0.0446909
0.0449527
0.0453234
0.0458254
0.0464905
0.0473624
0.0484981
0.0499665
0.0434164
0.0434735
0.0435909
0.0437733
0.0440303
0.0443788
0.0448457
0.0454736
0.0463297
0.047515
0.042509
0.0425379
0.0425961
0.042683
0.0427996
0.0429506
0.043148
0.0434192
0.043821
0.0444617
0.0417688
0.0417694
0.0417678
0.0417564
0.041724
0.0416566
0.0415387
0.0413597
0.0411306
0.0409194
0.0412432
0.0412207
0.04117
0.0410758
0.0409141
0.0406485
0.040226
0.0395743
0.0386039
0.0372372
0.0409702
0.0409354
0.0408568
0.0407146
0.0404758
0.0400869
0.039463
0.0384665
0.0368625
0.0342216
0.0388426
0.0389221
0.0390869
0.0393532
0.0397487
0.0403195
0.0411437
0.0423574
0.0442129
0.0472164
0.0381749
0.0382573
0.038428
0.0387007
0.0390986
0.0396572
0.0404289
0.0414875
0.0429254
0.0448191
0.0374625
0.0375389
0.0376962
0.037944
0.0382973
0.0387762
0.0394034
0.040195
0.0411362
0.0421186
0.0367264
0.0367899
0.0369198
0.0371216
0.0374033
0.0377738
0.038239
0.0387928
0.0393997
0.0399631
0.0359957
0.0360417
0.0361352
0.0362786
0.0364753
0.0367287
0.03704
0.0374043
0.0378046
0.0382034
0.0353046
0.0353304
0.0353824
0.0354603
0.0355638
0.0356935
0.03585
0.0360353
0.0362558
0.0365263
0.0346901
0.0346952
0.0347044
0.0347146
0.0347214
0.0347208
0.0347097
0.0346905
0.03468
0.0347221
0.0341885
0.0341744
0.034144
0.0340904
0.0340041
0.0338729
0.0336826
0.0334223
0.033094
0.032735
0.0338328
0.0338039
0.0337424
0.0336378
0.0334745
0.0332296
0.0328713
0.0323592
0.0316462
0.0306983
0.0336483
0.0336119
0.0335331
0.0333997
0.0331914
0.0328769
0.0324082
0.031711
0.0306621
0.0290399
0.0279234
0.0279724
0.0280755
0.0282456
0.0285055
0.0288937
0.0294755
0.0303664
0.0317807
0.0341469
0.0275406
0.0275904
0.0276943
0.0278629
0.028114
0.0284753
0.028988
0.029711
0.0307191
0.0320757
0.0271139
0.0271571
0.0272463
0.0273878
0.027591
0.027868
0.0282315
0.028686
0.0292078
0.0296924
0.0266603
0.026692
0.0267568
0.0268566
0.0269938
0.0271692
0.0273779
0.0276011
0.0277907
0.027843
0.0262028
0.0262208
0.0262569
0.0263101
0.0263785
0.0264575
0.0265367
0.0265955
0.0265968
0.0264785
0.0257675
0.0257713
0.0257781
0.0257853
0.0257886
0.0257818
0.025755
0.0256939
0.0255798
0.0253902
0.0253804
0.0253709
0.0253505
0.0253154
0.02526
0.0251769
0.0250573
0.024892
0.0246758
0.0244124
0.0250654
0.0250445
0.025001
0.0249297
0.0248236
0.0246733
0.0244678
0.0241973
0.0238576
0.0234607
0.024843
0.0248138
0.0247531
0.0246547
0.0245096
0.024305
0.0240248
0.0236502
0.0231619
0.0225502
0.024728
0.0246947
0.0246249
0.0245118
0.0243446
0.024108
0.0237801
0.0233298
0.0227092
0.0218368
0.0167156
0.0167346
0.0167749
0.0168426
0.0169484
0.0171108
0.0173618
0.0177587
0.0184095
0.0195318
0.0165165
0.0165352
0.0165745
0.0166388
0.0167359
0.0168778
0.0170825
0.0173762
0.0177913
0.0183519
0.0162896
0.0163039
0.0163333
0.0163798
0.0164459
0.0165347
0.0166476
0.0167801
0.0169099
0.0169694
0.0160456
0.0160529
0.0160673
0.0160884
0.0161144
0.0161416
0.0161612
0.0161549
0.0160859
0.0158853
0.0157983
0.0157977
0.0157957
0.0157899
0.0157764
0.0157482
0.0156932
0.0155913
0.0154106
0.0151022
0.0155632
0.0155549
0.0155371
0.0155068
0.015459
0.015386
0.0152764
0.0151141
0.0148767
0.0145353
0.0153548
0.0153398
0.0153086
0.0152576
0.015182
0.0150745
0.0149257
0.0147239
0.014456
0.0141085
0.0151862
0.0151659
0.0151239
0.0150569
0.0149599
0.0148263
0.0146482
0.0144171
0.0141255
0.0137701
0.0150677
0.0150437
0.0149944
0.0149163
0.0148043
0.0146522
0.0144523
0.0141967
0.0138792
0.0134987
0.0150067
0.0149811
0.0149279
0.014844
0.0147242
0.0145619
0.014349
0.0140765
0.0137344
0.0133112
0.00554201
0.0055435
0.00554635
0.00555094
0.00555778
0.00556786
0.00558314
0.00560773
0.00565059
0.00573247
0.00547925
0.00548038
0.00548246
0.00548529
0.00548843
0.00549112
0.00549187
0.00548768
0.0054717
0.00542684
0.00540797
0.00540763
0.00540649
0.00540358
0.0053971
0.00538391
0.00535848
0.00531078
0.00522218
0.00505699
0.00533147
0.005329
0.0053233
0.00531274
0.00529437
0.00526334
0.00521164
0.00512612
0.00498516
0.00475358
0.00525424
0.00524944
0.00523892
0.00522062
0.00519102
0.00514455
0.00507256
0.00496179
0.00479217
0.00453362
0.00518108
0.00517411
0.0051592
0.00513415
0.00509533
0.00503725
0.00495178
0.00482705
0.00464601
0.00438378
0.00511654
0.00510778
0.00508931
0.00505897
0.00501337
0.00494753
0.00485439
0.00472413
0.00454305
0.00429128
0.00506455
0.00505445
0.00503334
0.00499923
0.00494908
0.00487858
0.0047819
0.0046514
0.00447684
0.00424363
0.00502817
0.00501718
0.00499435
0.00495784
0.00490494
0.00483196
0.0047342
0.00460593
0.00444028
0.00422837
0.00500947
0.00499806
0.00497436
0.00493665
0.00488244
0.00480842
0.00471056
0.00458452
0.00442615
0.00423283
0.00930562
0.00926155
0.00920552
0.00913691
0.00905523
0.00896012
0.00885136
0.00872888
0.00859278
0.00844331
0.00975243
0.0097162
0.00966612
0.00960138
0.0095213
0.00942536
0.00931323
0.00918477
0.00904006
0.00887936
0.0107095
0.0106923
0.010657
0.0106023
0.0105271
0.0104306
0.0103121
0.0101714
0.0100083
0.00982329
0.0123181
0.0123388
0.012334
0.0123014
0.0122389
0.0121449
0.0120182
0.0118582
0.0116647
0.011438
0.0148294
0.014923
0.0149785
0.0149917
0.0149586
0.0148764
0.0147426
0.0145559
0.0143158
0.0140225
0.0186633
0.0188958
0.0190691
0.0191752
0.019207
0.0191585
0.0190254
0.0188048
0.0184954
0.0180976
0.0245107
0.0250085
0.0254117
0.0257046
0.0258733
0.0259067
0.0257964
0.025537
0.0251259
0.0245636
0.0335066
0.034518
0.0353723
0.0360379
0.0364885
0.0367032
0.036667
0.0363705
0.0358094
0.0349846
0.0475304
0.0495575
0.0513056
0.0527115
0.053727
0.0543175
0.0544595
0.0541394
0.0533519
0.0520997
0.0697453
0.0738484
0.077377
0.0802233
0.0823219
0.0836334
0.0841354
0.0838164
0.082673
0.08071
0.0234748
0.0233169
0.0231361
0.0229318
0.0227033
0.0224501
0.0221723
0.0218698
0.0215429
0.0211924
0.02419
0.0240376
0.0238601
0.0236565
0.0234259
0.023168
0.0228824
0.0225691
0.0222285
0.0218613
0.0256674
0.0255282
0.0253589
0.0251579
0.0249243
0.0246572
0.0243561
0.024021
0.0236521
0.0232501
0.0280047
0.0278905
0.0277379
0.0275447
0.0273091
0.0270297
0.0267057
0.0263368
0.0259231
0.0254655
0.0313552
0.0312856
0.031165
0.0309899
0.0307574
0.0304651
0.0301115
0.0296958
0.0292182
0.0286795
0.035936
0.0359428
0.0358802
0.0357425
0.0355249
0.0352233
0.0348352
0.034359
0.0337945
0.0331427
0.0420333
0.0421675
0.0422058
0.042139
0.041959
0.0416594
0.0412355
0.0406844
0.0400054
0.0391998
0.0500004
0.0503413
0.0505489
0.050608
0.0505056
0.0502309
0.0497761
0.0491364
0.0483101
0.0472986
0.0602341
0.0609012
0.0613825
0.0616533
0.0616924
0.0614827
0.0610118
0.0602717
0.0592595
0.0579769
0.0731025
0.0742664
0.0751707
0.0757761
0.0760497
0.0759654
0.0755046
0.0746556
0.0734138
0.0717815
0.0309194
0.030675
0.0304083
0.0301189
0.0298066
0.0294711
0.0291126
0.0287313
0.0283277
0.0279023
0.0315285
0.0312845
0.0310167
0.0307247
0.0304081
0.0300666
0.0297003
0.0293095
0.0288945
0.0284561
0.0327633
0.0325208
0.0322515
0.0319547
0.0316297
0.0312763
0.0308945
0.0304844
0.0300464
0.0295813
0.0346569
0.0344184
0.0341482
0.0338452
0.0335085
0.0331376
0.0327324
0.0322929
0.0318197
0.0313134
0.037257
0.0370271
0.0367584
0.0364493
0.0360985
0.0357051
0.0352688
0.0347895
0.0342676
0.0337042
0.0406231
0.0404094
0.0401472
0.0398342
0.0394684
0.0390485
0.0385736
0.0380435
0.0374587
0.0368202
0.0448207
0.0446348
0.0443877
0.0440758
0.0436964
0.0432472
0.0427268
0.0421347
0.0414713
0.0407379
0.049912
0.0497704
0.0495512
0.0492493
0.0488603
0.0483811
0.0478093
0.047144
0.0463854
0.0455349
0.0559412
0.0558655
0.0556917
0.0554124
0.0550213
0.0545136
0.0538859
0.0531365
0.0522653
0.0512741
0.0629135
0.0629301
0.0628234
0.0625831
0.0622002
0.061668
0.0609815
0.0601379
0.059137
0.0579807
0.0329431
0.0326656
0.0323703
0.0320571
0.0317259
0.0313769
0.0310103
0.0306262
0.0302253
0.029808
0.0333752
0.0330959
0.032798
0.0324813
0.0321459
0.0317918
0.0314192
0.0310284
0.0306199
0.030194
0.0342427
0.0339598
0.0336568
0.0333334
0.0329896
0.0326254
0.0322409
0.0318365
0.0314126
0.0309697
0.0355512
0.0352634
0.0349531
0.03462
0.0342638
0.0338845
0.0334823
0.0330574
0.0326102
0.0321415
0.0373079
0.0370145
0.0366952
0.0363496
0.0359773
0.0355782
0.0351523
0.0346999
0.0342215
0.0337179
0.0395195
0.0392203
0.038891
0.0385307
0.038139
0.0377155
0.0372602
0.0367734
0.0362556
0.0357076
0.0421898
0.0418856
0.0415457
0.0411692
0.0407552
0.0403031
0.0398129
0.0392848
0.0387192
0.0381172
0.0453158
0.0450082
0.0446583
0.0442647
0.043826
0.0433417
0.0428114
0.0422351
0.0416135
0.0409476
0.0488847
0.0485762
0.0482174
0.0478065
0.0473417
0.0468219
0.0462466
0.0456158
0.04493
0.0441906
0.0528681
0.0525617
0.0521959
0.0517681
0.051276
0.0507181
0.0500937
0.0494024
0.048645
0.0478228
0.0313433
0.031077
0.0307975
0.0305046
0.0301987
0.0298797
0.0295481
0.029204
0.0288478
0.02848
0.0316308
0.0313624
0.0310803
0.0307846
0.0304754
0.0301528
0.0298171
0.0294686
0.0291077
0.0287347
0.032205
0.0319324
0.0316453
0.0313439
0.0310282
0.0306984
0.0303547
0.0299974
0.0296269
0.0292437
0.0330642
0.0327853
0.0324909
0.032181
0.0318557
0.0315151
0.0311594
0.030789
0.0304042
0.0300055
0.0342051
0.0339181
0.0336142
0.0332932
0.0329552
0.0326003
0.0322288
0.0318409
0.0314371
0.0310179
0.0356224
0.0353257
0.0350101
0.0346756
0.0343221
0.0339496
0.0335585
0.033149
0.0327215
0.0322766
0.0373078
0.037
0.036671
0.0363207
0.035949
0.0355558
0.0351415
0.0347062
0.0342505
0.033775
0.0392494
0.0389294
0.0385855
0.0382174
0.037825
0.0374082
0.0369672
0.0365023
0.036014
0.0355031
0.0414304
0.0410972
0.0407371
0.0403495
0.0399342
0.0394911
0.0390204
0.0385223
0.0379973
0.0374463
0.0438295
0.0434826
0.0431052
0.0426967
0.0422566
0.0417849
0.0412816
0.0407469
0.0401816
0.0395863
0.0274948
0.0272657
0.0270269
0.0267784
0.0265206
0.0262534
0.0259773
0.0256923
0.0253988
0.0250971
0.0276814
0.0274506
0.0272099
0.0269594
0.0266993
0.0264298
0.0261511
0.0258634
0.025567
0.0252622
0.0280534
0.0278191
0.0275747
0.0273201
0.0270556
0.0267812
0.0264974
0.0262042
0.0259021
0.0255912
0.0286078
0.0283685
0.0281184
0.0278578
0.0275866
0.0273052
0.0270137
0.0267125
0.0264017
0.0260818
0.0293403
0.0290943
0.028837
0.0285683
0.0282885
0.0279977
0.0276962
0.0273842
0.027062
0.02673
0.0302449
0.0299908
0.0297244
0.0294459
0.0291554
0.0288531
0.0285391
0.0282139
0.0278776
0.0275308
0.0313136
0.0310499
0.030773
0.0304829
0.0301799
0.0298639
0.0295354
0.0291945
0.0288416
0.0284771
0.0325362
0.0322617
0.0319729
0.0316697
0.0313523
0.0310209
0.0306756
0.0303167
0.0299448
0.0295601
0.0339005
0.0336142
0.0333122
0.0329945
0.0326612
0.0323125
0.0319486
0.0315698
0.0311765
0.0307692
0.0353915
0.0350922
0.0347759
0.0344424
0.0340919
0.0337244
0.0333401
0.0329395
0.032523
0.0320909
0.0223035
0.0221232
0.0219359
0.0217418
0.021541
0.0213337
0.0211201
0.0209003
0.0206746
0.0204432
0.0224224
0.0222408
0.0220523
0.0218568
0.0216546
0.0214458
0.0212306
0.0210092
0.0207818
0.0205485
0.022659
0.022475
0.0222839
0.0220858
0.0218807
0.021669
0.0214506
0.0212259
0.020995
0.0207583
0.0230111
0.0228236
0.0226288
0.0224266
0.0222174
0.0220011
0.0217781
0.0215485
0.0213125
0.0210704
0.0234753
0.0232832
0.0230835
0.0228761
0.0226613
0.0224392
0.02221
0.0219739
0.0217312
0.021482
0.0240472
0.0238495
0.0236436
0.0234298
0.0232082
0.0229788
0.0227421
0.022498
0.022247
0.0219892
0.0247211
0.0245167
0.0243037
0.0240823
0.0238526
0.0236148
0.0233691
0.0231157
0.0228548
0.0225868
0.02549
0.025278
0.0250569
0.0248269
0.0245881
0.0243406
0.0240847
0.0238206
0.0235486
0.0232688
0.0263458
0.0261254
0.0258954
0.0256557
0.0254067
0.0251485
0.0248813
0.0246053
0.0243208
0.024028
0.0272799
0.0270504
0.0268106
0.0265606
0.0263005
0.0260306
0.025751
0.0254619
0.0251638
0.0248569
0.0163362
0.016208
0.016075
0.0159376
0.0157956
0.0156493
0.0154988
0.0153443
0.0151857
0.0150234
0.0164087
0.0162797
0.016146
0.0160077
0.0158649
0.0157178
0.0155663
0.0154108
0.0152513
0.0150879
0.016553
0.0164225
0.0162873
0.0161473
0.0160028
0.0158539
0.0157006
0.0155432
0.0153817
0.0152163
0.0167676
0.0166349
0.0164973
0.016355
0.016208
0.0160564
0.0159004
0.0157401
0.0155756
0.0154072
0.0170503
0.0169147
0.0167741
0.0166286
0.0164783
0.0163232
0.0161636
0.0159995
0.0158312
0.0156588
0.0173983
0.0172592
0.0171149
0.0169654
0.016811
0.0166516
0.0164876
0.0163189
0.0161458
0.0159685
0.017808
0.0176647
0.017516
0.0173619
0.0172027
0.0170383
0.0168691
0.016695
0.0165162
0.0163331
0.0182751
0.018127
0.0179733
0.0178141
0.0176493
0.0174792
0.017304
0.0171237
0.0169386
0.0167488
0.0187947
0.0186414
0.0184822
0.0183171
0.0181463
0.0179699
0.017788
0.0176009
0.0174086
0.0172114
0.019361
0.019202
0.0190367
0.0188653
0.0186879
0.0185045
0.0183155
0.0181208
0.0179208
0.0177157
0.00994093
0.00986465
0.00978567
0.00970405
0.00961987
0.00953319
0.00944409
0.00935264
0.00925892
0.00916303
0.00997997
0.00990328
0.00982389
0.00974184
0.0096572
0.00957006
0.00948047
0.00938852
0.00929429
0.00919787
0.0100576
0.00998013
0.0098999
0.00981699
0.00973146
0.00964338
0.00955283
0.00945989
0.00936464
0.00926717
0.010173
0.0100944
0.0100129
0.00992874
0.00984188
0.00975242
0.00966044
0.00956603
0.00946926
0.00937023
0.0103251
0.0102449
0.0101618
0.010076
0.00998734
0.00989607
0.00980221
0.00970586
0.00960709
0.00950599
0.0105123
0.0104302
0.0103451
0.0102571
0.0101664
0.0100729
0.00997669
0.00987795
0.00977672
0.0096731
0.0107326
0.0106482
0.0105608
0.0104704
0.0103771
0.010281
0.0101821
0.0100805
0.0099764
0.00986981
0.0109837
0.0108968
0.0108067
0.0107136
0.0106174
0.0105182
0.0104163
0.0103115
0.0102041
0.0100941
0.011263
0.0111733
0.0110803
0.010984
0.0108846
0.0107822
0.0106767
0.0105684
0.0104573
0.0103436
0.0115678
0.011475
0.0113788
0.0112792
0.0111763
0.0110702
0.010961
0.0108488
0.0107337
0.0106159
0.00333469
0.00330942
0.00328326
0.00325623
0.00322837
0.00319969
0.00317022
0.00313999
0.00310901
0.00307732
0.003347
0.0033216
0.00329531
0.00326815
0.00324015
0.00321133
0.00318171
0.00315131
0.00312018
0.00308832
0.00337149
0.00334584
0.00331929
0.00329186
0.00326358
0.00323447
0.00320455
0.00317385
0.0031424
0.00311022
0.00340789
0.00338187
0.00335494
0.00332711
0.00329842
0.00326887
0.00323851
0.00320736
0.00317544
0.00314279
0.00345584
0.00342933
0.00340189
0.00337354
0.0033443
0.0033142
0.00328325
0.0032515
0.00321897
0.00318568
0.00351485
0.00348774
0.00345967
0.00343068
0.00340076
0.00336997
0.00333831
0.00330582
0.00327253
0.00323846
0.00358431
0.0035565
0.0035277
0.00349794
0.00346725
0.00343564
0.00340314
0.00336978
0.0033356
0.00330062
0.00366351
0.0036349
0.00360527
0.00357464
0.00354305
0.00351051
0.00347705
0.00344271
0.00340751
0.00337149
0.00375161
0.00372212
0.00369157
0.00365998
0.00362739
0.00359382
0.0035593
0.00352385
0.00348752
0.00345034
0.00384766
0.0038172
0.00378564
0.00375301
0.00371933
0.00368464
0.00364896
0.00361232
0.00357476
0.00353632
0.393428
0.436505
0.470625
0.496776
0.515712
0.527985
0.533955
0.533807
0.527556
0.515046
0.406108
0.449647
0.484158
0.510614
0.529762
0.542144
0.548118
0.547865
0.541399
0.528566
0.406876
0.450413
0.484921
0.511374
0.530517
0.542893
0.548859
0.548597
0.542121
0.529275
0.406989
0.450525
0.485033
0.511484
0.530626
0.543002
0.548967
0.548704
0.542226
0.52938
0.407014
0.450551
0.485058
0.511509
0.530651
0.543026
0.548991
0.548728
0.542251
0.529404
0.407012
0.450548
0.485056
0.511507
0.530649
0.543024
0.548989
0.548726
0.542248
0.529402
0.407002
0.450538
0.485045
0.511497
0.530639
0.543014
0.548979
0.548716
0.542238
0.529392
0.406924
0.450461
0.484969
0.511421
0.530564
0.54294
0.548906
0.548644
0.542167
0.529321
0.406341
0.44988
0.484391
0.510847
0.529995
0.542378
0.548351
0.548098
0.541632
0.528797
0.39463
0.437759
0.471945
0.49817
0.517182
0.529524
0.535554
0.535452
0.529231
0.516737
0.213666
0.221224
0.227593
0.232555
0.235947
0.237651
0.237588
0.235708
0.231994
0.226453
0.231636
0.239323
0.24577
0.250755
0.25411
0.255713
0.255482
0.253365
0.249343
0.243426
0.233557
0.241232
0.247666
0.252635
0.255973
0.257557
0.257304
0.255165
0.251118
0.245175
0.233882
0.241555
0.247986
0.252953
0.256288
0.25787
0.257615
0.255472
0.251423
0.245477
0.233937
0.241609
0.248041
0.253007
0.256342
0.257923
0.257667
0.255525
0.251475
0.245529
0.233954
0.241626
0.248057
0.253024
0.256358
0.257939
0.257684
0.255541
0.251491
0.245544
0.233906
0.241579
0.24801
0.252977
0.256312
0.257893
0.257638
0.255495
0.251446
0.2455
0.233696
0.24137
0.247804
0.252772
0.256109
0.257693
0.257439
0.255299
0.251252
0.245308
0.232315
0.240002
0.24645
0.251435
0.254789
0.256391
0.256158
0.254039
0.250015
0.244095
0.217571
0.225286
0.231839
0.236996
0.240578
0.242452
0.242525
0.240739
0.237072
0.231533
0.133376
0.134469
0.135173
0.135443
0.135241
0.134537
0.133309
0.131543
0.129235
0.12639
0.150948
0.151987
0.152609
0.152765
0.152418
0.151535
0.150094
0.14808
0.14549
0.142328
0.153549
0.154568
0.155167
0.155301
0.154929
0.15402
0.15255
0.150507
0.147886
0.144692
0.154028
0.155044
0.15564
0.15577
0.155394
0.154481
0.153008
0.150961
0.148335
0.145137
0.154141
0.155156
0.155752
0.155881
0.155505
0.154591
0.153117
0.151068
0.148442
0.145242
0.154131
0.155146
0.155742
0.155872
0.155495
0.154582
0.153108
0.15106
0.148434
0.145235
0.154084
0.1551
0.155696
0.155826
0.15545
0.154536
0.153062
0.151015
0.148389
0.14519
0.153762
0.15478
0.155379
0.155511
0.155138
0.154228
0.152757
0.150713
0.14809
0.144895
0.151959
0.152997
0.153617
0.153772
0.153422
0.152536
0.151091
0.149073
0.146478
0.143311
0.138883
0.140123
0.141002
0.14146
0.141441
0.140898
0.139795
0.138108
0.13583
0.132965
0.0919284
0.0916694
0.0912587
0.0906863
0.0899441
0.089026
0.0879277
0.0866476
0.0851862
0.0835465
0.10738
0.107009
0.106471
0.105755
0.104853
0.103758
0.102465
0.100973
0.0992837
0.0973991
0.110269
0.109875
0.109312
0.10857
0.10764
0.106516
0.105193
0.10367
0.101948
0.10003
0.110859
0.110461
0.109894
0.109148
0.108213
0.107084
0.105757
0.104229
0.102502
0.100578
0.110963
0.110565
0.109997
0.10925
0.108316
0.107186
0.105859
0.10433
0.102603
0.100679
0.110996
0.110597
0.11003
0.109283
0.108347
0.107218
0.105889
0.10436
0.102632
0.100707
0.110905
0.110507
0.10994
0.109193
0.108259
0.10713
0.105802
0.104275
0.102547
0.100624
0.110535
0.11014
0.109576
0.108832
0.107901
0.106775
0.105451
0.103926
0.102202
0.100282
0.108617
0.108243
0.1077
0.10698
0.106072
0.10497
0.103671
0.102172
0.100474
0.0985801
0.098145
0.0979774
0.0976738
0.0972145
0.0965792
0.09575
0.0947132
0.0934607
0.0919897
0.0903026
0.0670449
0.0665702
0.0660303
0.065423
0.0647467
0.0640003
0.0631832
0.0622959
0.0613392
0.0603147
0.0799238
0.0793361
0.0786743
0.0779361
0.0771199
0.0762244
0.0752493
0.074195
0.0730627
0.0718541
0.0827664
0.0821554
0.0814694
0.0807061
0.0798636
0.078941
0.0779378
0.0768545
0.0756922
0.0744528
0.0833796
0.0827645
0.0820743
0.0813067
0.0804598
0.0795326
0.0785248
0.0774368
0.0762696
0.0750254
0.0835333
0.0829175
0.0822264
0.0814578
0.0806098
0.0796813
0.0786722
0.0775826
0.0764139
0.0751679
0.0835199
0.0829041
0.0822132
0.0814448
0.0805972
0.0796693
0.0786608
0.077572
0.0764042
0.0751592
0.0834575
0.0828421
0.0821515
0.0813833
0.0805359
0.079608
0.0785995
0.0775107
0.0763426
0.0750974
0.0830546
0.0824421
0.0817545
0.0809895
0.0801454
0.0792209
0.0782159
0.0771307
0.0759664
0.0747251
0.0812222
0.0806284
0.0799601
0.0792149
0.0783911
0.0774874
0.0765035
0.0754399
0.0742974
0.0730782
0.0734175
0.0729825
0.0724836
0.0719136
0.0712651
0.0705316
0.0697083
0.0687926
0.067784
0.0666839
0.0497639
0.0493418
0.0488886
0.0484038
0.0478873
0.0473389
0.0467591
0.0461481
0.0455068
0.0448359
0.0599996
0.0594832
0.0589305
0.058341
0.0577147
0.0570515
0.0563519
0.0556163
0.0548455
0.0540407
0.0625811
0.0620441
0.0614699
0.0608582
0.0602088
0.0595219
0.0587976
0.0580366
0.0572398
0.0564082
0.0631825
0.0626417
0.0620635
0.0614477
0.0607939
0.0601024
0.0593735
0.0586077
0.057806
0.0569693
0.0632944
0.062753
0.0621743
0.061558
0.0609039
0.0602121
0.0594829
0.058717
0.0579152
0.0570785
0.06333
0.0627884
0.0622094
0.0615927
0.0609381
0.0602456
0.0595157
0.0587489
0.057946
0.0571082
0.0632332
0.0626921
0.0621137
0.0614977
0.0608439
0.0601524
0.0594235
0.0586578
0.0578562
0.0570197
0.0628666
0.062328
0.0617521
0.0611387
0.0604875
0.0597986
0.0590723
0.0583093
0.0575104
0.0566766
0.0612653
0.0607414
0.0601806
0.0595825
0.0589469
0.0582737
0.0575635
0.0568166
0.0560339
0.0552166
0.0557632
0.0553489
0.0548951
0.0543995
0.0538604
0.0532764
0.0526468
0.0519717
0.0512515
0.0504875
0.0362591
0.035942
0.0356085
0.0352585
0.0348923
0.0345099
0.0341118
0.0336981
0.0332695
0.0328263
0.0439922
0.0436041
0.0431964
0.042769
0.0423224
0.0418565
0.0413719
0.040869
0.0403482
0.0398102
0.0461289
0.0457242
0.0452993
0.0448542
0.0443892
0.0439045
0.0434006
0.0428777
0.0423365
0.0417776
0.0466412
0.0462333
0.045805
0.0453566
0.0448881
0.0443999
0.0438923
0.0433657
0.0428207
0.042258
0.0467755
0.0463669
0.0459379
0.0454885
0.045019
0.0445296
0.0440208
0.0434929
0.0429465
0.0423822
0.0467643
0.0463557
0.0459269
0.0454778
0.0450088
0.0445199
0.0440117
0.0434845
0.042939
0.0423756
0.0467102
0.0463019
0.0458733
0.0454243
0.0449553
0.0444664
0.0439581
0.0434308
0.042885
0.0423214
0.0463801
0.045974
0.0455475
0.0451008
0.0446342
0.0441478
0.043642
0.0431173
0.0425742
0.0420134
0.0450819
0.0446863
0.0442705
0.0438347
0.0433791
0.0429037
0.0424091
0.0418957
0.0413639
0.0408145
0.0413981
0.0410723
0.0407188
0.0403371
0.0399275
0.0394905
0.039027
0.0385378
0.0380238
0.037486
0.0248139
0.0245999
0.0243767
0.0241444
0.0239032
0.0236533
0.0233949
0.0231282
0.0228535
0.022571
0.0301806
0.0299182
0.0296448
0.0293605
0.0290654
0.0287599
0.0284441
0.0281184
0.0277831
0.0274385
0.0317795
0.031505
0.031219
0.0309217
0.0306133
0.0302939
0.029964
0.0296237
0.0292734
0.0289134
0.0321838
0.0319069
0.0316183
0.0313182
0.031007
0.0306847
0.0303517
0.0300083
0.0296548
0.0292916
0.0322622
0.0319848
0.031696
0.0313957
0.0310842
0.0307618
0.0304287
0.0300853
0.0297318
0.0293686
0.0322866
0.0320091
0.03172
0.0314194
0.0311075
0.0307846
0.0304509
0.0301067
0.0297525
0.0293885
0.03222
0.0319429
0.0316542
0.0313541
0.0310428
0.0307205
0.0303876
0.0300442
0.0296908
0.0293277
0.0319782
0.0317025
0.0314152
0.0311165
0.0308067
0.0304859
0.0301544
0.0298125
0.0294606
0.029099
0.0310311
0.0307621
0.0304817
0.03019
0.029887
0.0295732
0.0292487
0.0289138
0.0285689
0.0282143
0.0286537
0.0284237
0.0281753
0.0279085
0.0276238
0.0273223
0.0270047
0.026672
0.0263251
0.0259645
0.0144977
0.0143753
0.0142481
0.0141163
0.0139799
0.0138391
0.0136939
0.0135446
0.0133912
0.0132339
0.0176587
0.0175084
0.0173523
0.0171905
0.0170231
0.0168503
0.0166723
0.0164891
0.0163011
0.0161083
0.0186385
0.0184809
0.0183173
0.0181478
0.0179724
0.0177915
0.017605
0.0174133
0.0172164
0.0170146
0.0188876
0.0187285
0.0185633
0.0183922
0.0182153
0.0180327
0.0178445
0.0176511
0.0174524
0.0172488
0.0189542
0.0187947
0.0186291
0.0184575
0.01828
0.0180968
0.017908
0.0177139
0.0175145
0.0173101
0.0189493
0.0187899
0.0186244
0.018453
0.0182758
0.0180929
0.0179045
0.0177107
0.0175118
0.0173079
0.018922
0.0187627
0.0185973
0.0184259
0.0182487
0.0180657
0.0178772
0.0176833
0.0174842
0.0172802
0.0187636
0.0186052
0.0184408
0.0182704
0.0180942
0.0179123
0.0177249
0.0175322
0.0173343
0.0171315
0.0181863
0.0180316
0.0178709
0.0177042
0.0175318
0.0173537
0.0171701
0.0169811
0.016787
0.016588
0.0168172
0.0166787
0.0165299
0.0163711
0.0162028
0.0160255
0.0158399
0.0156465
0.0154459
0.0152383
0.00477304
0.00473327
0.00469201
0.0046493
0.00460517
0.00455966
0.0045128
0.00446464
0.00441523
0.00436461
0.00581368
0.00576483
0.00571418
0.00566176
0.00560762
0.0055518
0.00549434
0.00543531
0.00537476
0.00531274
0.00614551
0.00609423
0.00604105
0.00598601
0.00592917
0.00587057
0.00581025
0.00574828
0.00568472
0.00561961
0.00623236
0.00618055
0.00612682
0.0060712
0.00601376
0.00595453
0.00589357
0.00583093
0.00576667
0.00570086
0.00624964
0.00619775
0.00614396
0.00608832
0.00603085
0.00597162
0.00591068
0.00584807
0.00578385
0.00571809
0.00625478
0.00620286
0.006149
0.00609326
0.00603568
0.0059763
0.00591518
0.00585238
0.00578795
0.00572196
0.00624045
0.0061886
0.00613485
0.00607924
0.0060218
0.00596259
0.00590166
0.00583905
0.00577485
0.00570909
0.00618887
0.0061373
0.00608383
0.00602849
0.00597132
0.00591238
0.00585172
0.00578939
0.00572546
0.00565997
0.00599521
0.00594479
0.00589246
0.00583828
0.00578227
0.00572449
0.00566499
0.00560382
0.00554104
0.00547671
0.00552481
0.00547714
0.00542646
0.0053729
0.00531663
0.00525784
0.00519672
0.00513341
0.00506807
0.00500078
0.00573896
0.0059103
0.00568175
0.00539459
0.00509989
0.00483132
0.00460784
0.00443468
0.00430436
0.00419894
0.0053346
0.00522767
0.0050438
0.00479641
0.00451374
0.00423703
0.00400006
0.00381959
0.0036929
0.00359972
0.00481018
0.00464081
0.00435256
0.00401629
0.00366647
0.00334191
0.00307592
0.00288587
0.00276706
0.00269262
0.00445365
0.00423068
0.00383125
0.00336647
0.00290032
0.00248895
0.00217142
0.00196261
0.00184986
0.00179481
0.00422253
0.00397017
0.00349763
0.00293748
0.00237528
0.00188521
0.00151647
0.00128537
0.00117348
0.00113201
0.00408196
0.00382917
0.00334576
0.00276614
0.00218101
0.00167022
0.00128711
0.00104956
0.000938126
0.000901083
0.00401116
0.00378681
0.00336505
0.00286317
0.00235744
0.00191501
0.00158067
0.00136918
0.00126388
0.00122114
0.00399371
0.00382476
0.00353694
0.00321325
0.0028958
0.00261946
0.00240558
0.00225908
0.00216889
0.00211113
0.00401272
0.00392095
0.00382771
0.00376727
0.00373085
0.00370432
0.00367272
0.0036251
0.00355824
0.00347794
0.00405344
0.00405228
0.00419056
0.00444428
0.00474409
0.00501702
0.00520414
0.00527502
0.00523543
0.00512675
0.0207183
0.0218655
0.0214964
0.0207867
0.0199348
0.0190801
0.0183138
0.0176792
0.0171712
0.0167416
0.0188726
0.0189725
0.0190083
0.0187433
0.0182113
0.0175424
0.0168689
0.0162789
0.0157998
0.0153997
0.0168216
0.0166912
0.0164414
0.0160635
0.0155547
0.0149665
0.0143795
0.0138637
0.0134473
0.0131051
0.0155288
0.0152122
0.0146147
0.013883
0.013107
0.0123679
0.011731
0.0112329
0.0108696
0.0105925
0.0147029
0.0142841
0.0134418
0.0124029
0.0113332
0.0103706
0.0096041
0.00906356
0.00871946
0.00849123
0.0141547
0.0137136
0.0127876
0.0116228
0.010415
0.00933189
0.0084831
0.00790519
0.00756168
0.00735567
0.0137601
0.0133615
0.0125247
0.0114688
0.0103683
0.00937419
0.00858685
0.00804143
0.00770705
0.00749765
0.0134414
0.013134
0.0125459
0.0118345
0.0111046
0.0104406
0.00989403
0.00948022
0.00918017
0.00894753
0.0131585
0.0129732
0.0127589
0.0125871
0.0124524
0.0123282
0.0121815
0.0119895
0.0117489
0.0114778
0.0128989
0.0128438
0.0130745
0.0135587
0.0141531
0.0146929
0.0150401
0.015123
0.0149559
0.0146348
0.0367335
0.0390016
0.038751
0.0378559
0.0366387
0.0353333
0.034102
0.0330334
0.0321375
0.0313529
0.0333691
0.0338799
0.034511
0.034659
0.034284
0.033548
0.0326522
0.0317528
0.0309275
0.0301725
0.029806
0.0299597
0.0302757
0.0305225
0.0305299
0.0302505
0.0297407
0.0291008
0.0284189
0.0277407
0.0276231
0.0275076
0.027368
0.027219
0.027015
0.0267139
0.0263034
0.0258017
0.0252426
0.0246591
0.026218
0.0259594
0.0254709
0.0248921
0.0242946
0.0237158
0.0231666
0.0226418
0.0221304
0.0216222
0.0251628
0.0248505
0.0241742
0.0233187
0.0224195
0.0215775
0.020847
0.0202369
0.019722
0.0192572
0.024184
0.0238596
0.02314
0.0222135
0.021227
0.0202982
0.0194988
0.0188507
0.0183311
0.017886
0.0231371
0.0228038
0.022145
0.0213406
0.0205044
0.0197189
0.0190295
0.0184475
0.0179568
0.0175212
0.0219948
0.0216221
0.0210802
0.0205464
0.0200637
0.0196295
0.0192185
0.0188057
0.0183816
0.0179517
0.0208188
0.0203489
0.0199421
0.0197669
0.01976
0.0198006
0.0197669
0.0195837
0.0192468
0.0188161
0.0504821
0.0532498
0.0534238
0.0528499
0.0518394
0.0506186
0.0493495
0.0481309
0.0469955
0.0459187
0.046608
0.0475322
0.0488755
0.0497558
0.0499957
0.0496772
0.0489683
0.0480321
0.0469901
0.0459144
0.0426575
0.0432593
0.0444821
0.0458129
0.0468574
0.0473888
0.0473574
0.0468409
0.0459848
0.0449593
0.0402184
0.0406039
0.0415026
0.042641
0.0437239
0.0444826
0.0447502
0.0444914
0.0437957
0.0428493
0.0384706
0.0387374
0.0393213
0.0400731
0.0408162
0.0413565
0.0415388
0.0412933
0.0406598
0.0397869
0.0368085
0.0369729
0.0372464
0.0375566
0.0378241
0.0379493
0.0378424
0.0374562
0.0368102
0.036
0.0348713
0.0348689
0.0347664
0.0345824
0.0343254
0.0339835
0.0335361
0.0329704
0.0322963
0.031555
0.0325169
0.0322233
0.0316079
0.0308403
0.0300228
0.0292193
0.0284587
0.027746
0.0270736
0.0264281
0.0298061
0.0290496
0.0277404
0.0262834
0.0248768
0.0236376
0.022614
0.0218048
0.0211743
0.0206549
0.0269478
0.0255315
0.0233821
0.0211713
0.019164
0.017507
0.0162502
0.0153744
0.0148083
0.0144296
0.0583487
0.0599822
0.061654
0.0630074
0.0639221
0.0643186
0.0641717
0.063519
0.0624644
0.0611772
0.0566509
0.0580121
0.0602293
0.0624314
0.0641952
0.0652773
0.0655856
0.0651586
0.0641497
0.0628096
0.0549346
0.0562467
0.0586824
0.0614369
0.0639298
0.0657176
0.0665597
0.0664334
0.0655157
0.0641449
0.0533612
0.0546645
0.0571235
0.0600053
0.062738
0.0648233
0.0659397
0.0660005
0.0651639
0.0638001
0.0514603
0.0526902
0.0549546
0.057597
0.0601146
0.0620529
0.0630998
0.0631534
0.0623458
0.0610247
0.048835
0.0498335
0.0515885
0.0535814
0.0554333
0.0568024
0.0574541
0.0573137
0.0564885
0.0552558
0.0453111
0.0458446
0.0466681
0.0475171
0.0482144
0.0485986
0.0485618
0.0480782
0.0472173
0.0461376
0.0409216
0.0406937
0.0400793
0.0392316
0.0382693
0.037277
0.0363044
0.0353747
0.0344933
0.0336502
0.0358985
0.0345499
0.0319637
0.0289035
0.0258553
0.0231816
0.0210957
0.019658
0.0187847
0.0182576
0.0306202
0.0277589
0.0228056
0.0172205
0.0118442
0.00731605
0.00401468
0.00203432
0.00118706
0.00102247
0.0585253
0.0567487
0.0622708
0.0687043
0.0747283
0.0794459
0.0823575
0.0833684
0.0827839
0.0812644
0.0629018
0.0649867
0.0685816
0.0732137
0.078027
0.0820637
0.0846348
0.0854795
0.0847949
0.0831858
0.0666686
0.0691048
0.0730425
0.0774061
0.0815724
0.0849087
0.0869177
0.087392
0.0864979
0.0847706
0.0667326
0.0693666
0.0735972
0.0781159
0.0821907
0.0852395
0.0868985
0.0870823
0.0860146
0.0842084
0.0642339
0.0667017
0.0707068
0.0749815
0.0787818
0.0815377
0.0829319
0.0829355
0.0818007
0.0800146
0.0597941
0.0617246
0.0648401
0.0681402
0.0710272
0.0730427
0.0739396
0.0737112
0.0725771
0.0709346
0.0538917
0.0549233
0.0564153
0.0578486
0.0589466
0.0595087
0.0594435
0.0587795
0.0576536
0.0562804
0.0469273
0.046658
0.0457257
0.0443323
0.0427029
0.0410404
0.0394965
0.0381568
0.0370322
0.0360574
0.0392942
0.0372246
0.0330378
0.0279355
0.0227787
0.0182616
0.0148269
0.0126239
0.0115043
0.0110448
0.031419
0.0269719
0.0189059
0.00955273
0.000408287
-0.00732282
-0.0128847
-0.0160558
-0.017163
-0.0170331
0.0543718
0.0480786
0.0603103
0.0752187
0.0895338
0.101091
0.108717
0.112197
0.112221
0.110244
0.0668795
0.070302
0.0760961
0.0843606
0.0936256
0.101908
0.107685
0.110304
0.110059
0.108072
0.0767991
0.0806573
0.0861041
0.0918562
0.0974493
0.102169
0.105274
0.106339
0.105481
0.103412
0.0773768
0.081281
0.0866728
0.0917938
0.0960185
0.0989484
0.100366
0.100261
0.0988802
0.0967445
0.0728483
0.0761812
0.0808739
0.0852842
0.0887217
0.0908063
0.0914555
0.0908284
0.0892601
0.0871966
0.0656397
0.0679703
0.0712315
0.0742397
0.0764703
0.0776368
0.077702
0.0768319
0.0753167
0.0734903
0.0571354
0.0581724
0.0592944
0.0599969
0.0601403
0.0597087
0.0587938
0.0575507
0.0561426
0.0546916
0.0480354
0.0474532
0.0456614
0.0430535
0.0400809
0.0371782
0.0346821
0.0327732
0.0314429
0.0304913
0.0386709
0.0359739
0.0303957
0.0235123
0.0165154
0.0103974
0.00580935
0.00298112
0.00170359
0.0013659
0.02926
0.0237883
0.0137189
0.00194705
-0.00960439
-0.0193636
-0.0263342
-0.0302208
-0.0314493
-0.0310935
0.0544548
0.0463387
0.0658716
0.0892357
0.111377
0.129073
0.140677
0.146
0.14618
0.143431
0.0702691
0.0754578
0.0836934
0.0953939
0.108553
0.120359
0.12866
0.13256
0.1325
0.130053
0.0802383
0.0849601
0.0910159
0.0971179
0.103083
0.108261
0.111801
0.11313
0.112301
0.110081
0.0777082
0.0817036
0.0864379
0.0902704
0.0929592
0.0944887
0.0948936
0.0942405
0.0927036
0.0906326
0.0699056
0.0727592
0.0759854
0.0782515
0.0792922
0.0791801
0.0781926
0.0766634
0.0748772
0.0730183
0.0604635
0.0620421
0.0635347
0.0641744
0.063864
0.0627513
0.061143
0.0593743
0.057684
0.0561338
0.050951
0.0512523
0.0507693
0.0493979
0.0473684
0.0450266
0.0427396
0.0407899
0.0392857
0.0381149
0.0418056
0.0407123
0.0378243
0.0338135
0.0293858
0.0252214
0.0218397
0.0194997
0.0181485
0.0174243
0.0329742
0.0301142
0.0241633
0.0167851
0.0092687
0.0027065
-0.00217546
-0.00511722
-0.00634993
-0.00655104
0.024322
0.0191016
0.00948981
-0.0017502
-0.0127727
-0.0220676
-0.0286812
-0.0323385
-0.0334586
-0.0330743
0.0617283
0.0593701
0.0799184
0.103681
0.125873
0.143379
0.154612
0.159438
0.159049
0.155703
0.0666631
0.0720457
0.0809802
0.0929457
0.105911
0.117274
0.1251
0.128633
0.128367
0.125841
0.0656443
0.0690931
0.073571
0.0782057
0.0828719
0.087022
0.0899148
0.091033
0.0903817
0.0885758
0.0581289
0.0600875
0.0618989
0.062868
0.0631362
0.062927
0.062375
0.0615125
0.0603535
0.0589855
0.049356
0.0501919
0.0502603
0.0492448
0.0474081
0.0451842
0.0430121
0.0411924
0.0398109
0.0387358
0.0412947
0.0413081
0.0402032
0.0380262
0.0351635
0.0321253
0.0294064
0.0273427
0.0260061
0.0251681
0.034276
0.0336465
0.0315904
0.0284879
0.0248754
0.0213406
0.0183873
0.0163111
0.015117
0.0145003
0.0280406
0.0267387
0.0235923
0.0193616
0.014792
0.010596
0.00730855
0.0051817
0.00413285
0.00375608
0.0222354
0.0200061
0.0153656
0.00959717
0.00370934
-0.00143121
-0.00524225
-0.00751226
-0.00842416
-0.00851801
0.0166153
0.0130485
0.00652519
-0.00107632
-0.00851295
-0.0147724
-0.0192218
-0.0216868
-0.0224576
-0.0222289
0.0438637
0.0476482
0.0576271
0.0689735
0.0794723
0.0876463
0.0927225
0.0946169
0.0938931
0.0916618
0.0345501
0.0366403
0.0402879
0.0453946
0.0510191
0.0559639
0.0593349
0.0607805
0.060524
0.0592647
0.0253399
0.025493
0.0260957
0.0271296
0.0284963
0.0299066
0.0309907
0.0314774
0.0313176
0.0307192
0.0195149
0.0189931
0.0181133
0.0171383
0.0162288
0.0154977
0.0149695
0.0145918
0.0142824
0.0139797
0.0158252
0.015174
0.013785
0.0120063
0.010128
0.00842868
0.00711215
0.00626142
0.00582473
0.00563431
0.0132525
0.0126243
0.0111608
0.00920446
0.00708007
0.00511659
0.00357403
0.00258288
0.00211024
0.00196171
0.0111908
0.0105827
0.00914272
0.00720825
0.00510578
0.00316497
0.00164566
0.000678313
0.000230848
0.000109576
0.00934406
0.00867931
0.00717586
0.00520953
0.00311808
0.00122536
-0.000226534
-0.00112734
-0.00152212
-0.00160443
0.0075848
0.00673937
0.00500546
0.00286233
0.000676115
-0.00123299
-0.00264671
-0.00348427
-0.00381334
-0.00383635
0.00587008
0.00469817
0.00259907
0.000183961
-0.00216287
-0.0041311
-0.00552971
-0.00631026
-0.00656701
-0.00651684
0.00427495
0.00106636
0.000260943
6.38105e-05
1.55388e-05
3.76299e-06
9.06675e-07
2.17713e-07
5.27398e-08
1.53751e-08
0.00435714
0.00107259
0.000261524
6.388e-05
1.55489e-05
3.76462e-06
9.06961e-07
2.17766e-07
5.27502e-08
1.53775e-08
0.00452593
0.00108509
0.000262682
6.40188e-05
1.55688e-05
3.76786e-06
9.0753e-07
2.17872e-07
5.27702e-08
1.53819e-08
0.00479049
0.00110393
0.000264409
6.42255e-05
1.55986e-05
3.7727e-06
9.08382e-07
2.18029e-07
5.27999e-08
1.53882e-08
0.00516547
0.00112919
0.000266692
6.44986e-05
1.5638e-05
3.77912e-06
9.09511e-07
2.18238e-07
5.28395e-08
1.53967e-08
0.00567203
0.00116099
0.000269514
6.48358e-05
1.56868e-05
3.78707e-06
9.10914e-07
2.18498e-07
5.2889e-08
1.54073e-08
0.00633884
0.00119943
0.000272853
6.52346e-05
1.57447e-05
3.79653e-06
9.12583e-07
2.18809e-07
5.29488e-08
1.54203e-08
0.00720257
0.00124455
0.000276682
6.56918e-05
1.58112e-05
3.80744e-06
9.14513e-07
2.19168e-07
5.30188e-08
1.54359e-08
0.00830631
0.0012963
0.000280968
6.62036e-05
1.5886e-05
3.81976e-06
9.16694e-07
2.19574e-07
5.30993e-08
1.54547e-08
0.00969262
0.00135444
0.000285671
6.67661e-05
1.59685e-05
3.83341e-06
9.19118e-07
2.20025e-07
5.31901e-08
1.54771e-08
0.011605
0.00302659
0.000751583
0.000184689
4.50512e-05
1.09166e-05
2.63091e-06
6.31795e-07
1.53053e-07
4.46195e-08
0.0117723
0.00304207
0.000753173
0.000184887
4.50801e-05
1.09214e-05
2.63174e-06
6.31949e-07
1.53083e-07
4.46263e-08
0.0121106
0.00307301
0.000756342
0.000185281
4.51376e-05
1.09307e-05
2.63339e-06
6.32254e-07
1.53141e-07
4.46388e-08
0.0126268
0.00311933
0.000761064
0.000185868
4.52234e-05
1.09447e-05
2.63586e-06
6.32711e-07
1.53227e-07
4.46571e-08
0.0133312
0.0031809
0.000767298
0.000186644
4.5337e-05
1.09633e-05
2.63914e-06
6.33318e-07
1.53342e-07
4.46816e-08
0.0142362
0.00325748
0.000774993
0.000187603
4.54775e-05
1.09863e-05
2.6432e-06
6.34074e-07
1.53486e-07
4.47124e-08
0.0153557
0.00334871
0.000784082
0.000188736
4.56442e-05
1.10137e-05
2.64804e-06
6.34975e-07
1.5366e-07
4.47502e-08
0.0167025
0.00345406
0.000794484
0.000190035
4.58358e-05
1.10453e-05
2.65363e-06
6.36017e-07
1.53865e-07
4.47959e-08
0.0182853
0.00357272
0.000806105
0.000191489
4.60513e-05
1.1081e-05
2.65996e-06
6.37196e-07
1.54099e-07
4.48509e-08
0.0201036
0.00370363
0.000818835
0.000193088
4.62892e-05
1.11205e-05
2.66698e-06
6.38503e-07
1.54364e-07
4.4917e-08
0.016447
0.0045451
0.00115499
0.000286238
7.00399e-05
1.69914e-05
4.09669e-06
9.83948e-07
2.38377e-07
6.94966e-08
0.016622
0.0045648
0.00115725
0.000286535
7.00842e-05
1.69987e-05
4.09798e-06
9.84187e-07
2.38423e-07
6.95068e-08
0.016973
0.00460407
0.00116177
0.000287128
7.01726e-05
1.70132e-05
4.10055e-06
9.84663e-07
2.38512e-07
6.95257e-08
0.0175015
0.00466267
0.00116849
0.000288011
7.03045e-05
1.70349e-05
4.10438e-06
9.85375e-07
2.38646e-07
6.95534e-08
0.0182095
0.00474019
0.00117737
0.000289178
7.0479e-05
1.70637e-05
4.10947e-06
9.86321e-07
2.38825e-07
6.95905e-08
0.0190985
0.00483607
0.00118831
0.000290619
7.0695e-05
1.70994e-05
4.11579e-06
9.87498e-07
2.3905e-07
6.96374e-08
0.0201687
0.00494955
0.00120123
0.000292323
7.09511e-05
1.71418e-05
4.12331e-06
9.88903e-07
2.39321e-07
6.96951e-08
0.0214179
0.00507965
0.00121599
0.000294276
7.12458e-05
1.71908e-05
4.132e-06
9.90529e-07
2.39641e-07
6.97654e-08
0.0228399
0.00522517
0.00123248
0.000296464
7.15771e-05
1.7246e-05
4.14183e-06
9.92366e-07
2.40009e-07
6.98506e-08
0.0244234
0.00538464
0.00125053
0.000298868
7.19429e-05
1.73073e-05
4.15274e-06
9.94401e-07
2.40424e-07
6.99542e-08
0.0186918
0.00548225
0.00143063
0.000358325
8.80366e-05
2.13904e-05
5.16031e-06
1.23968e-06
3.00359e-07
8.75714e-08
0.01884
0.00550226
0.00143321
0.000358684
8.80915e-05
2.13995e-05
5.16193e-06
1.23998e-06
3.00416e-07
8.7584e-08
0.0191358
0.00554212
0.00143835
0.000359399
8.82009e-05
2.14177e-05
5.16516e-06
1.24058e-06
3.00528e-07
8.7607e-08
0.0195783
0.00560148
0.001446
0.000360465
8.83642e-05
2.14448e-05
5.16999e-06
1.24148e-06
3.00695e-07
8.7641e-08
0.0201655
0.00567982
0.00145609
0.000361872
8.85803e-05
2.14809e-05
5.17638e-06
1.24267e-06
3.00919e-07
8.76864e-08
0.0208946
0.00577646
0.00146853
0.000363611
8.88478e-05
2.15255e-05
5.18433e-06
1.24415e-06
3.01201e-07
8.77439e-08
0.021761
0.00589049
0.00148321
0.000365667
8.91651e-05
2.15786e-05
5.19378e-06
1.24593e-06
3.01543e-07
8.7815e-08
0.0227584
0.00602083
0.00149999
0.000368025
8.95302e-05
2.16399e-05
5.2047e-06
1.24798e-06
3.01946e-07
8.79022e-08
0.0238782
0.00616618
0.00151872
0.000370666
8.99407e-05
2.17091e-05
5.21704e-06
1.25029e-06
3.02412e-07
8.8009e-08
0.025109
0.00632506
0.00153924
0.000373571
9.03942e-05
2.17858e-05
5.23075e-06
1.25285e-06
3.02937e-07
8.81404e-08
0.018752
0.00580866
0.00155654
0.000394287
9.73115e-05
2.36856e-05
5.7179e-06
1.37398e-06
3.32934e-07
9.70753e-08
0.0188659
0.00582671
0.00155912
0.000394667
9.73712e-05
2.36957e-05
5.71969e-06
1.37432e-06
3.32996e-07
9.70888e-08
0.0190927
0.00586264
0.00156426
0.000395424
9.74902e-05
2.37157e-05
5.72326e-06
1.37498e-06
3.33119e-07
9.71138e-08
0.0194309
0.00591611
0.00157191
0.000396552
9.76677e-05
2.37456e-05
5.72859e-06
1.37597e-06
3.33303e-07
9.71506e-08
0.0198777
0.00598661
0.001582
0.000398042
9.79027e-05
2.37852e-05
5.73567e-06
1.37729e-06
3.33549e-07
9.71997e-08
0.0204295
0.00607348
0.00159445
0.000399883
9.81937e-05
2.38343e-05
5.74445e-06
1.37894e-06
3.3386e-07
9.7262e-08
0.0210814
0.00617586
0.00160913
0.000402061
9.85389e-05
2.38927e-05
5.7549e-06
1.3809e-06
3.34239e-07
9.73391e-08
0.0218273
0.00629275
0.00162592
0.000404559
9.8936e-05
2.39602e-05
5.76697e-06
1.38317e-06
3.34686e-07
9.74342e-08
0.0226598
0.00642298
0.00164467
0.000407358
9.93828e-05
2.40363e-05
5.7806e-06
1.38574e-06
3.35202e-07
9.75517e-08
0.02357
0.00656524
0.00166521
0.000410437
9.98765e-05
2.41207e-05
5.79575e-06
1.38858e-06
3.35786e-07
9.76977e-08
0.0171521
0.00556722
0.00152836
0.000391366
9.70271e-05
2.36589e-05
5.71544e-06
1.37376e-06
3.32918e-07
9.70775e-08
0.0172349
0.00558223
0.0015307
0.000391729
9.70857e-05
2.36689e-05
5.71722e-06
1.37409e-06
3.3298e-07
9.70906e-08
0.0173997
0.00561212
0.00153538
0.000392453
9.72024e-05
2.36887e-05
5.72078e-06
1.37475e-06
3.33102e-07
9.71151e-08
0.017645
0.00565658
0.00154233
0.000393532
9.73766e-05
2.37184e-05
5.7261e-06
1.37574e-06
3.33284e-07
9.71513e-08
0.0179684
0.00571519
0.00155151
0.000394958
9.76072e-05
2.37577e-05
5.73316e-06
1.37706e-06
3.33528e-07
9.71994e-08
0.018367
0.00578737
0.00156284
0.00039672
9.78928e-05
2.38065e-05
5.74192e-06
1.37871e-06
3.33838e-07
9.72604e-08
0.0188367
0.00587243
0.0015762
0.000398805
9.82315e-05
2.38644e-05
5.75234e-06
1.38067e-06
3.34215e-07
9.73359e-08
0.0193728
0.00596952
0.00159149
0.000401197
9.86214e-05
2.39314e-05
5.76438e-06
1.38294e-06
3.34661e-07
9.74293e-08
0.0199697
0.00607769
0.00160856
0.000403879
9.90601e-05
2.40069e-05
5.77797e-06
1.38551e-06
3.35178e-07
9.75458e-08
0.0206212
0.00619587
0.00162728
0.00040683
9.9545e-05
2.40907e-05
5.79306e-06
1.38834e-06
3.35764e-07
9.76919e-08
0.0143634
0.00484092
0.0013564
0.00035066
8.72915e-05
2.13204e-05
5.15387e-06
1.2391e-06
3.00318e-07
8.7577e-08
0.0144208
0.00485253
0.00135835
0.000350975
8.73434e-05
2.13293e-05
5.15547e-06
1.2394e-06
3.00374e-07
8.75886e-08
0.0145352
0.00487564
0.00136224
0.000351603
8.74469e-05
2.13471e-05
5.15868e-06
1.23999e-06
3.00482e-07
8.76104e-08
0.0147053
0.00491002
0.00136803
0.00035254
8.76014e-05
2.13737e-05
5.16347e-06
1.24088e-06
3.00645e-07
8.76425e-08
0.0149294
0.00495535
0.00137566
0.000353777
8.78058e-05
2.14089e-05
5.16982e-06
1.24207e-06
3.00863e-07
8.76851e-08
0.0152053
0.00501117
0.00138508
0.000355307
8.80591e-05
2.14526e-05
5.17771e-06
1.24355e-06
3.01141e-07
8.77388e-08
0.0155302
0.00507696
0.00139621
0.000357117
8.83596e-05
2.15045e-05
5.18709e-06
1.24532e-06
3.01479e-07
8.78054e-08
0.0159008
0.00515207
0.00140894
0.000359194
8.87055e-05
2.15645e-05
5.19791e-06
1.24737e-06
3.01881e-07
8.78881e-08
0.0163132
0.00523577
0.00142316
0.000361524
8.90948e-05
2.16321e-05
5.21014e-06
1.24969e-06
3.02348e-07
8.79921e-08
0.016763
0.00532727
0.00143876
0.000364089
8.95252e-05
2.17073e-05
5.22371e-06
1.25224e-06
3.02877e-07
8.81239e-08
0.0107642
0.00373168
0.0010623
0.000276727
6.91176e-05
1.69049e-05
4.08872e-06
9.83227e-07
2.38327e-07
6.95035e-08
0.0108015
0.00373986
0.00106375
0.00027697
6.91583e-05
1.69119e-05
4.08999e-06
9.83463e-07
2.3837e-07
6.95126e-08
0.0108758
0.00375614
0.00106664
0.000277453
6.92393e-05
1.6926e-05
4.09253e-06
9.83933e-07
2.38455e-07
6.95297e-08
0.0109862
0.00378037
0.00107095
0.000278173
6.93601e-05
1.69469e-05
4.09633e-06
9.84638e-07
2.38583e-07
6.95547e-08
0.0111317
0.00381231
0.00107664
0.000279126
6.95202e-05
1.69747e-05
4.10136e-06
9.85579e-07
2.38754e-07
6.95876e-08
0.0113108
0.00385165
0.00108366
0.000280302
6.97184e-05
1.70092e-05
4.10761e-06
9.86754e-07
2.38973e-07
6.9629e-08
0.0115217
0.00389803
0.00109195
0.000281696
6.99536e-05
1.70501e-05
4.11504e-06
9.8816e-07
2.3924e-07
6.96802e-08
0.0117621
0.003951
0.00110144
0.000283295
7.02244e-05
1.70974e-05
4.12361e-06
9.89789e-07
2.39558e-07
6.97442e-08
0.0120297
0.00401005
0.00111204
0.000285089
7.05293e-05
1.71508e-05
4.13329e-06
9.91628e-07
2.39929e-07
6.98256e-08
0.0123217
0.00407464
0.00112368
0.000287064
7.08664e-05
1.72101e-05
4.14403e-06
9.93656e-07
2.4035e-07
6.99302e-08
0.00664812
0.00234834
0.000675743
0.000176963
4.43041e-05
1.08466e-05
2.62446e-06
6.31211e-07
1.53013e-07
4.46263e-08
0.00666904
0.00235318
0.000676636
0.000177116
4.43299e-05
1.08511e-05
2.62528e-06
6.31361e-07
1.5304e-07
4.46318e-08
0.00671068
0.00236282
0.000678414
0.000177419
4.43814e-05
1.08601e-05
2.62691e-06
6.31662e-07
1.53093e-07
4.46425e-08
0.00677261
0.00237717
0.000681063
0.000177872
4.44582e-05
1.08735e-05
2.62935e-06
6.32113e-07
1.53174e-07
4.4658e-08
0.0068542
0.00239608
0.000684559
0.00017847
4.45599e-05
1.08913e-05
2.63257e-06
6.32716e-07
1.53282e-07
4.46781e-08
0.00695463
0.00241939
0.000688873
0.00017921
4.46859e-05
1.09133e-05
2.63658e-06
6.33472e-07
1.53421e-07
4.47032e-08
0.00707287
0.00244687
0.000693969
0.000180085
4.48355e-05
1.09395e-05
2.64135e-06
6.34377e-07
1.53591e-07
4.47342e-08
0.00720773
0.00247826
0.000699804
0.000181091
4.50077e-05
1.09697e-05
2.64684e-06
6.35426e-07
1.53795e-07
4.47735e-08
0.00735785
0.00251327
0.00070633
0.000182219
4.52016e-05
1.10039e-05
2.65304e-06
6.36609e-07
1.54034e-07
4.48245e-08
0.00752171
0.00255158
0.000713492
0.000183461
4.54161e-05
1.10418e-05
2.65992e-06
6.37913e-07
1.54307e-07
4.48918e-08
0.00224643
0.000800959
0.000231737
6.08515e-05
1.52532e-05
3.73624e-06
9.04208e-07
2.1749e-07
5.27264e-08
1.53794e-08
0.00225316
0.000802561
0.000232038
6.09034e-05
1.5262e-05
3.73779e-06
9.0449e-07
2.1754e-07
5.27348e-08
1.53812e-08
0.00226656
0.00080575
0.000232637
6.10068e-05
1.52797e-05
3.74088e-06
9.05053e-07
2.17643e-07
5.27519e-08
1.53846e-08
0.00228649
0.000810496
0.00023353
6.1161e-05
1.5306e-05
3.74549e-06
9.05894e-07
2.17797e-07
5.27782e-08
1.53893e-08
0.00231276
0.000816753
0.000234708
6.13649e-05
1.53409e-05
3.75159e-06
9.07009e-07
2.18006e-07
5.28141e-08
1.53951e-08
0.00234508
0.000824464
0.000236163
6.1617e-05
1.53841e-05
3.75916e-06
9.08393e-07
2.18268e-07
5.28605e-08
1.54021e-08
0.00238315
0.000833556
0.00023788
6.19155e-05
1.54353e-05
3.76816e-06
9.10036e-07
2.18583e-07
5.29184e-08
1.54107e-08
0.00242657
0.000843944
0.000239848
6.22583e-05
1.54944e-05
3.77853e-06
9.11927e-07
2.1895e-07
5.29892e-08
1.54221e-08
0.00247491
0.000855533
0.000242048
6.26428e-05
1.55609e-05
3.79025e-06
9.14055e-07
2.19362e-07
5.30734e-08
1.54383e-08
0.00252768
0.000868215
0.000244463
6.30665e-05
1.56345e-05
3.80328e-06
9.1641e-07
2.19814e-07
5.31706e-08
1.54619e-08
0.0248616
0.00192841
0.000331198
7.22265e-05
1.67744e-05
3.96743e-06
9.42981e-07
2.24437e-07
5.40904e-08
1.57203e-08
0.0273352
0.00227612
0.0003914
8.34826e-05
1.89504e-05
4.39721e-06
1.02937e-06
2.41808e-07
5.75599e-08
1.65859e-08
0.0277085
0.0023792
0.000417439
8.97106e-05
2.03845e-05
4.72004e-06
1.10242e-06
2.58444e-07
6.10823e-08
1.73814e-08
0.0277855
0.00240856
0.000426748
9.23569e-05
2.10786e-05
4.88907e-06
1.14349e-06
2.69722e-07
6.4128e-08
1.80829e-08
0.0278025
0.0024163
0.000429595
9.32806e-05
2.13527e-05
4.95615e-06
1.15567e-06
2.73154e-07
6.60298e-08
1.88515e-08
0.0278039
0.00241699
0.000429843
9.33643e-05
2.13938e-05
4.97175e-06
1.15345e-06
2.696e-07
6.55197e-08
1.92262e-08
0.0277939
0.00241194
0.000427792
9.26506e-05
2.11795e-05
4.92372e-06
1.14247e-06
2.63872e-07
6.31518e-08
1.87464e-08
0.0277473
0.00239111
0.000420262
9.03124e-05
2.05229e-05
4.75471e-06
1.10434e-06
2.549e-07
6.0296e-08
1.77727e-08
0.0275437
0.00231391
0.000396921
8.41646e-05
1.90335e-05
4.41161e-06
1.02783e-06
2.38413e-07
5.64903e-08
1.65845e-08
0.0266036
0.00201944
0.000332318
7.10759e-05
1.64701e-05
3.90296e-06
9.24401e-07
2.18141e-07
5.24514e-08
1.54136e-08
0.0383861
0.00497491
0.00094189
0.000208605
4.86115e-05
1.15084e-05
2.73616e-06
6.51298e-07
1.56976e-07
4.56233e-08
0.0439902
0.00592413
0.00111344
0.000241059
5.49107e-05
1.27546e-05
2.98683e-06
7.0169e-07
1.67035e-07
4.81358e-08
0.0450167
0.00621833
0.00118855
0.000259088
5.90678e-05
1.3691e-05
3.19892e-06
7.50007e-07
1.77249e-07
5.04353e-08
0.0452371
0.00630308
0.0012155
0.00026676
6.10806e-05
1.4181e-05
3.31807e-06
7.82801e-07
1.861e-07
5.24696e-08
0.0452858
0.00632547
0.00122375
0.000269442
6.18767e-05
1.43753e-05
3.35318e-06
7.92738e-07
1.91623e-07
5.47075e-08
0.0452905
0.00632749
0.00122447
0.000269684
6.19975e-05
1.44211e-05
3.34674e-06
7.82431e-07
1.90135e-07
5.57853e-08
0.0452612
0.00631285
0.00121852
0.000267612
6.13748e-05
1.42816e-05
3.31484e-06
7.65912e-07
1.83317e-07
5.43879e-08
0.0451276
0.00625262
0.0011967
0.000260832
5.947e-05
1.3791e-05
3.20388e-06
7.398e-07
1.75061e-07
5.15727e-08
0.0445616
0.00603093
0.00112923
0.000243019
5.51507e-05
1.27955e-05
2.98199e-06
6.9197e-07
1.64003e-07
4.81212e-08
0.0423598
0.0052125
0.000944096
0.00020521
4.7726e-05
1.13202e-05
2.6819e-06
6.33131e-07
1.52254e-07
4.47208e-08
0.0399155
0.0069248
0.00142497
0.000322218
7.55146e-05
1.79088e-05
4.26026e-06
1.01429e-06
2.44492e-07
7.10636e-08
0.0468969
0.00828791
0.00168422
0.000372174
8.528e-05
1.98464e-05
4.65052e-06
1.09272e-06
2.60134e-07
7.49788e-08
0.048386
0.00873364
0.00179989
0.000400123
9.17407e-05
2.13037e-05
4.98114e-06
1.16807e-06
2.76017e-07
7.85351e-08
0.0487212
0.0088643
0.00184169
0.000412052
9.48714e-05
2.20651e-05
5.16665e-06
1.21934e-06
2.89838e-07
8.16961e-08
0.0487971
0.00889907
0.00185452
0.00041623
9.61134e-05
2.23667e-05
5.22063e-06
1.23476e-06
2.98455e-07
8.52026e-08
0.0488036
0.00890218
0.00185564
0.000416607
9.63051e-05
2.24394e-05
5.21057e-06
1.21871e-06
2.96128e-07
8.68631e-08
0.0487588
0.00887946
0.00184638
0.000413377
9.53335e-05
2.22218e-05
5.16083e-06
1.19321e-06
2.85639e-07
8.46763e-08
0.0485541
0.00878623
0.0018125
0.000402833
9.23694e-05
2.14576e-05
4.98732e-06
1.15235e-06
2.72844e-07
8.0315e-08
0.0477145
0.00844663
0.00170814
0.000375173
8.56502e-05
1.99079e-05
4.64214e-06
1.07791e-06
2.55587e-07
7.493e-08
0.0447169
0.00723818
0.00142563
0.000316771
7.41287e-05
1.7613e-05
4.17495e-06
9.86226e-07
2.37218e-07
6.96284e-08
0.0370203
0.00785667
0.00173754
0.000401786
9.48222e-05
2.25392e-05
5.36587e-06
1.27787e-06
3.08067e-07
8.95489e-08
0.0441789
0.0094282
0.00205235
0.00046378
0.00010705
2.49749e-05
5.85728e-06
1.3766e-06
3.27747e-07
9.4485e-08
0.0459157
0.00997116
0.00219601
0.000498777
0.000115168
2.68091e-05
6.27416e-06
1.47166e-06
3.47735e-07
9.89366e-08
0.0463266
0.0101337
0.00224837
0.000513772
0.000119106
2.77662e-05
6.50779e-06
1.53644e-06
3.65178e-07
1.02916e-07
0.0464206
0.0101772
0.0022645
0.000519038
0.000120674
2.81452e-05
6.57511e-06
1.55581e-06
3.76008e-07
1.0735e-07
0.0464295
0.0101812
0.0022659
0.00051951
0.000120919
2.82383e-05
6.56266e-06
1.53574e-06
3.73062e-07
1.09396e-07
0.046373
0.0101526
0.00225426
0.000515439
0.000119692
2.79629e-05
6.49965e-06
1.50401e-06
3.60073e-07
1.06629e-07
0.0461204
0.0100361
0.00221172
0.000502178
0.000115962
2.7e-05
6.28001e-06
1.45223e-06
3.44047e-07
1.01173e-07
0.0451118
0.00961645
0.00208138
0.000467464
0.000107509
2.50485e-05
5.84561e-06
1.35847e-06
3.22259e-07
9.43807e-08
0.0416131
0.00817356
0.00173398
0.000394651
9.3061e-05
2.21625e-05
5.25742e-06
1.24281e-06
2.99e-07
8.76992e-08
0.0323405
0.00793624
0.00186389
0.000440367
0.000104698
2.49501e-05
5.94506e-06
1.41626e-06
3.41477e-07
9.92684e-08
0.0389484
0.00953259
0.00219948
0.000507936
0.000118157
2.76427e-05
6.48932e-06
1.5256e-06
3.63264e-07
1.04743e-07
0.040733
0.0101133
0.00235618
0.000546454
0.000127125
2.96732e-05
6.95165e-06
1.63108e-06
3.85404e-07
1.0965e-07
0.0411748
0.0102908
0.00241384
0.000563028
0.000131482
3.07317e-05
7.21046e-06
1.70301e-06
4.04748e-07
1.14064e-07
0.0412785
0.0103388
0.00243167
0.000568866
0.000133223
3.11509e-05
7.28457e-06
1.72438e-06
4.16667e-07
1.18984e-07
0.0412874
0.0103431
0.00243321
0.000569386
0.000133498
3.12554e-05
7.27133e-06
1.7025e-06
4.13388e-07
1.21179e-07
0.0412261
0.0103117
0.00242033
0.000564871
0.000132136
3.0948e-05
7.20085e-06
1.66785e-06
3.99293e-07
1.181e-07
0.0409516
0.0101837
0.00237338
0.000550205
0.000128006
2.98811e-05
6.95618e-06
1.61006e-06
3.81642e-07
1.12102e-07
0.0398804
0.00972756
0.00223029
0.000511897
0.000118653
2.77192e-05
6.47522e-06
1.50616e-06
3.57449e-07
1.04573e-07
0.0361747
0.00820416
0.00185471
0.000432112
0.000102724
2.45282e-05
5.82397e-06
1.37774e-06
3.31527e-07
9.7171e-08
0.0268906
0.00733532
0.00180846
0.000435528
0.000104282
2.49144e-05
5.9419e-06
1.41598e-06
3.41455e-07
9.92702e-08
0.0325411
0.00880941
0.00213169
0.000501969
0.000117643
2.75992e-05
6.48565e-06
1.52523e-06
3.63221e-07
1.04748e-07
0.0342072
0.00937049
0.00228589
0.000540209
0.000126581
2.96269e-05
6.94812e-06
1.63078e-06
3.85353e-07
1.09632e-07
0.0346366
0.00954547
0.00234317
0.000556734
0.00013093
3.06831e-05
7.20673e-06
1.70276e-06
4.04689e-07
1.14055e-07
0.0347385
0.00959317
0.00236095
0.000562572
0.000132673
3.11018e-05
7.2806e-06
1.72402e-06
4.16477e-07
1.18968e-07
0.0347481
0.00959748
0.00236247
0.000563087
0.000132951
3.12072e-05
7.26815e-06
1.70265e-06
4.1319e-07
1.21076e-07
0.0346868
0.00956612
0.00234962
0.000558572
0.000131586
3.0897e-05
7.19682e-06
1.66857e-06
3.99428e-07
1.17989e-07
0.0344179
0.00943924
0.00230288
0.000543939
0.000127462
2.98308e-05
6.95096e-06
1.61038e-06
3.81889e-07
1.12042e-07
0.0333851
0.00899139
0.00216112
0.000505805
0.000118127
2.76702e-05
6.47048e-06
1.50647e-06
3.57664e-07
1.04519e-07
0.0297904
0.00752911
0.00179419
0.000426919
0.000102285
2.44881e-05
5.82007e-06
1.37779e-06
3.31596e-07
9.71261e-08
0.0210922
0.00621008
0.00158988
0.00038904
9.37308e-05
2.24455e-05
5.35759e-06
1.27713e-06
3.08009e-07
8.95544e-08
0.0255794
0.00745271
0.00187198
0.00044807
0.000105704
2.48611e-05
5.84767e-06
1.37561e-06
3.27631e-07
9.44984e-08
0.0269968
0.00794373
0.00200908
0.000482335
0.000113741
2.66879e-05
6.26496e-06
1.47089e-06
3.47598e-07
9.88864e-08
0.0273744
0.00809952
0.00206043
0.000497202
0.000117658
2.76388e-05
6.49806e-06
1.53581e-06
3.6502e-07
1.02887e-07
0.0274658
0.00814231
0.00207642
0.000502469
0.000119232
2.80164e-05
6.56467e-06
1.55489e-06
3.75507e-07
1.07309e-07
0.0274738
0.00814617
0.00207779
0.000502929
0.000119483
2.8112e-05
6.55431e-06
1.53616e-06
3.72541e-07
1.09126e-07
0.0274194
0.00811801
0.00206622
0.000498857
0.00011825
2.78293e-05
6.48905e-06
1.50594e-06
3.60441e-07
1.06335e-07
0.0271807
0.00800443
0.00202422
0.000485684
0.000114536
2.68681e-05
6.26623e-06
1.45307e-06
3.44715e-07
1.01015e-07
0.0262757
0.00760664
0.00189739
0.000451424
0.000106129
2.49201e-05
5.83312e-06
1.35932e-06
3.22839e-07
9.42383e-08
0.0230957
0.00632922
0.00157291
0.000380976
9.19086e-05
2.20572e-05
5.24711e-06
1.24297e-06
2.9919e-07
8.75784e-08
0.015133
0.00469821
0.00123648
0.000306291
7.41609e-05
1.77929e-05
4.25001e-06
1.01338e-06
2.44421e-07
7.10722e-08
0.0183648
0.00563341
0.00145449
0.000352557
8.36099e-05
1.97057e-05
4.63866e-06
1.09148e-06
2.59986e-07
7.49988e-08
0.0194395
0.00601372
0.001562
0.000379597
8.99712e-05
2.11538e-05
4.96989e-06
1.16713e-06
2.75839e-07
7.84666e-08
0.0197332
0.00613603
0.00160254
0.000391369
9.30745e-05
2.19072e-05
5.15472e-06
1.21861e-06
2.8964e-07
8.16511e-08
0.0198047
0.00616982
0.00161521
0.00039555
9.4326e-05
2.22069e-05
5.20767e-06
1.23368e-06
2.97832e-07
8.51502e-08
0.0198115
0.00617288
0.00161628
0.000395911
9.45254e-05
2.22829e-05
5.20021e-06
1.21929e-06
2.95485e-07
8.65253e-08
0.0197684
0.0061506
0.00160712
0.00039268
9.35448e-05
2.20561e-05
5.14761e-06
1.1957e-06
2.86132e-07
8.43064e-08
0.0195816
0.00606104
0.00157389
0.000382244
9.06014e-05
2.12941e-05
4.97005e-06
1.15347e-06
2.73722e-07
8.01172e-08
0.0188782
0.00574911
0.00147391
0.000355148
8.39393e-05
1.97486e-05
4.62648e-06
1.07904e-06
2.56347e-07
7.47484e-08
0.0163733
0.00475856
0.00122038
0.000299695
7.2701e-05
1.74819e-05
4.16195e-06
9.86484e-07
2.37477e-07
6.94712e-08
0.00910018
0.00292161
0.000782935
0.000195555
4.75122e-05
1.14145e-05
2.72783e-06
6.5055e-07
1.56919e-07
4.56329e-08
0.0110441
0.00350061
0.000920342
0.000224999
5.35548e-05
1.26408e-05
2.97725e-06
7.00664e-07
1.6691e-07
4.8157e-08
0.0117127
0.00374068
0.000988791
0.00024229
5.76307e-05
1.35698e-05
3.18999e-06
7.49268e-07
1.77094e-07
5.03716e-08
0.0118986
0.00381861
0.00101473
0.000249837
5.96207e-05
1.40527e-05
3.30855e-06
7.82296e-07
1.85937e-07
5.24202e-08
0.0119444
0.00384023
0.00102284
0.000252522
6.04256e-05
1.42452e-05
3.34261e-06
7.91919e-07
1.91113e-07
5.46643e-08
0.0119485
0.00384219
0.00102353
0.000252752
6.05535e-05
1.42941e-05
3.33831e-06
7.82987e-07
1.89615e-07
5.55098e-08
0.0119212
0.00382793
0.00101765
0.000250678
5.99231e-05
1.41469e-05
3.30402e-06
7.68069e-07
1.83764e-07
5.4082e-08
0.0118021
0.00377067
0.000996371
0.000243986
5.80354e-05
1.36581e-05
3.1896e-06
7.40786e-07
1.75834e-07
5.14091e-08
0.0113563
0.00357201
0.000932473
0.000226631
5.37621e-05
1.26659e-05
2.96907e-06
6.92977e-07
1.64671e-07
4.79675e-08
0.00974147
0.00294532
0.000771414
0.000191231
4.65688e-05
1.12133e-05
2.67106e-06
6.33416e-07
1.52493e-07
4.4584e-08
0.00303624
0.000990759
0.000267887
6.71904e-05
1.63534e-05
3.93153e-06
9.39778e-07
2.24147e-07
5.40702e-08
1.57259e-08
0.00368441
0.00118662
0.000314788
7.72897e-05
1.84313e-05
4.35382e-06
1.02573e-06
2.41398e-07
5.75087e-08
1.65978e-08
0.0039112
0.00126862
0.000338271
8.3235e-05
1.9834e-05
4.67381e-06
1.09913e-06
2.58173e-07
6.10145e-08
1.73517e-08
0.00397478
0.00129537
0.000347192
8.58337e-05
2.05188e-05
4.83977e-06
1.13996e-06
2.69591e-07
6.40652e-08
1.80548e-08
0.00399049
0.00130281
0.000349987
8.67605e-05
2.07969e-05
4.90593e-06
1.15157e-06
2.72891e-07
6.58428e-08
1.88353e-08
0.00399194
0.00130348
0.000350219
8.68389e-05
2.08415e-05
4.92299e-06
1.15013e-06
2.69842e-07
6.53308e-08
1.91242e-08
0.00398251
0.00129857
0.000348198
8.61243e-05
2.0624e-05
4.87204e-06
1.13823e-06
2.6474e-07
6.33454e-08
1.86304e-08
0.00394167
0.00127889
0.000340874
8.38199e-05
1.99741e-05
4.70376e-06
1.09874e-06
2.55299e-07
6.06177e-08
1.7711e-08
0.0037888
0.0012107
0.000318907
7.7847e-05
1.85022e-05
4.36186e-06
1.02278e-06
2.38829e-07
5.67666e-08
1.6524e-08
0.00322621
0.000996285
0.000263711
6.56857e-05
1.60281e-05
3.86182e-06
9.20129e-07
2.18273e-07
5.25528e-08
1.5358e-08
0.00593356
0.00115785
0.000257064
6.23613e-05
1.53912e-05
3.72841e-06
8.85249e-07
2.10899e-07
5.1336e-08
1.5043e-08
0.00533919
0.00106828
0.000249146
6.14618e-05
1.52806e-05
3.70882e-06
8.81333e-07
2.10353e-07
5.12017e-08
1.49773e-08
0.00424272
0.000982793
0.000241777
6.06291e-05
1.51762e-05
3.69186e-06
8.78298e-07
2.09811e-07
5.10346e-08
1.49168e-08
0.00286457
0.000901832
0.000235051
5.98739e-05
1.50816e-05
3.67764e-06
8.75817e-07
2.09258e-07
5.086e-08
1.4865e-08
0.00152822
0.000827468
0.000229061
5.92057e-05
1.49988e-05
3.66597e-06
8.73723e-07
2.08709e-07
5.06938e-08
1.48228e-08
0.000420654
0.000762083
0.000223896
5.86334e-05
1.49293e-05
3.65664e-06
8.71943e-07
2.08194e-07
5.05467e-08
1.479e-08
-0.00041668
0.000707669
0.000219642
5.8165e-05
1.48735e-05
3.64941e-06
8.70464e-07
2.07741e-07
5.04249e-08
1.47657e-08
-0.00100617
0.000665693
0.000216376
5.78076e-05
1.48317e-05
3.64411e-06
8.69306e-07
2.07378e-07
5.03325e-08
1.4749e-08
-0.00138048
0.000637167
0.00021416
5.75663e-05
1.48039e-05
3.6406e-06
8.68501e-07
2.07125e-07
5.0271e-08
1.47388e-08
-0.00156277
0.000622731
0.000213039
5.74448e-05
1.479e-05
3.63883e-06
8.68083e-07
2.06996e-07
5.02411e-08
1.47342e-08
0.0157153
0.00319698
0.000737181
0.000180331
4.46013e-05
1.08154e-05
2.57014e-06
6.12165e-07
1.48878e-07
4.36396e-08
0.0142831
0.00297756
0.00071535
0.000177751
4.42763e-05
1.07604e-05
2.55934e-06
6.10438e-07
1.48454e-07
4.34619e-08
0.0115858
0.00276179
0.000694996
0.000175368
4.39746e-05
1.07124e-05
2.55039e-06
6.08757e-07
1.47987e-07
4.33002e-08
0.00821726
0.00255359
0.00067638
0.000173211
4.37029e-05
1.06714e-05
2.54284e-06
6.07114e-07
1.4752e-07
4.31606e-08
0.00492244
0.00235975
0.00065977
0.000171306
4.34655e-05
1.06371e-05
2.53642e-06
6.05553e-07
1.47083e-07
4.3045e-08
0.00210951
0.00218728
0.000645431
0.000169677
4.3265e-05
1.06092e-05
2.53101e-06
6.04134e-07
1.46698e-07
4.29531e-08
-0.000143749
0.00204207
0.000633611
0.000168346
4.31032e-05
1.05872e-05
2.5266e-06
6.02924e-07
1.46381e-07
4.28834e-08
-0.00186762
0.00192877
0.000624533
0.000167331
4.29807e-05
1.05709e-05
2.52323e-06
6.01978e-07
1.46141e-07
4.28342e-08
-0.00307693
0.00185098
0.000618375
0.000166647
4.2898e-05
1.05599e-05
2.52097e-06
6.01343e-07
1.45984e-07
4.28034e-08
-0.00373282
0.00181132
0.000615265
0.000166302
4.28551e-05
1.05541e-05
2.51987e-06
6.01049e-07
1.45913e-07
4.27894e-08
0.0208254
0.00466456
0.0011261
0.00027911
6.93168e-05
1.68311e-05
4.00241e-06
9.5351e-07
2.31793e-07
6.79393e-08
0.0191478
0.00438034
0.00109449
0.000275197
6.88148e-05
1.67473e-05
3.98582e-06
9.50665e-07
2.31115e-07
6.76771e-08
0.0160571
0.00409857
0.00106502
0.000271588
6.83508e-05
1.66738e-05
3.97181e-06
9.47933e-07
2.30397e-07
6.7439e-08
0.0122012
0.00382504
0.00103807
0.000268323
6.79336e-05
1.66106e-05
3.95984e-06
9.45319e-07
2.29692e-07
6.72325e-08
0.00833258
0.00356848
0.00101401
0.000265443
6.75688e-05
1.65573e-05
3.94963e-06
9.42886e-07
2.29041e-07
6.70605e-08
0.00485014
0.00333793
0.000993234
0.000262982
6.72602e-05
1.65136e-05
3.94105e-06
9.40717e-07
2.28472e-07
6.69226e-08
0.00183494
0.00314154
0.000976106
0.000260973
6.701e-05
1.64788e-05
3.93413e-06
9.38898e-07
2.28006e-07
6.68172e-08
-0.000681248
0.00298644
0.000962947
0.000259442
6.68195e-05
1.64526e-05
3.92891e-06
9.37505e-07
2.27656e-07
6.6742e-08
-0.0025969
0.00287879
0.000954022
0.000258408
6.66893e-05
1.64349e-05
3.92549e-06
9.36597e-07
2.2743e-07
6.66949e-08
-0.00371233
0.00282345
0.00094952
0.000257886
6.66195e-05
1.64255e-05
3.92393e-06
9.36212e-07
2.27335e-07
6.66742e-08
0.0210973
0.00546169
0.00138548
0.000348811
8.70885e-05
2.11846e-05
5.04182e-06
1.20145e-06
2.91976e-07
8.55764e-08
0.0196086
0.00516389
0.00134877
0.000344047
8.64655e-05
2.10811e-05
5.021e-06
1.19772e-06
2.91115e-07
8.52627e-08
0.0171016
0.00487103
0.00131461
0.000339656
8.5891e-05
2.09898e-05
5.00321e-06
1.19417e-06
2.90226e-07
8.49775e-08
0.0139801
0.00458819
0.00128342
0.000335689
8.53745e-05
2.09108e-05
4.98792e-06
1.19084e-06
2.89365e-07
8.47293e-08
0.0106985
0.0043228
0.00125563
0.000332193
8.49227e-05
2.08439e-05
4.97486e-06
1.18778e-06
2.88576e-07
8.45211e-08
0.0075035
0.00408306
0.00123166
0.000329209
8.45398e-05
2.07885e-05
4.96393e-06
1.18509e-06
2.87889e-07
8.43531e-08
0.00448584
0.00387715
0.00121191
0.000326774
8.42284e-05
2.07442e-05
4.95516e-06
1.18286e-06
2.87329e-07
8.42237e-08
0.00177736
0.00371306
0.00119676
0.000324919
8.39902e-05
2.07109e-05
4.94861e-06
1.18118e-06
2.8691e-07
8.41309e-08
-0.000399889
0.00359825
0.00118648
0.000323666
8.38263e-05
2.06881e-05
4.94438e-06
1.1801e-06
2.86643e-07
8.40724e-08
-0.00171984
0.00353888
0.0011813
0.000323031
8.37372e-05
2.0676e-05
4.94253e-06
1.17966e-06
2.86533e-07
8.4047e-08
0.0178682
0.00561206
0.0014969
0.000383104
9.62143e-05
2.34533e-05
5.58675e-06
1.33172e-06
3.23558e-07
9.48316e-08
0.01676
0.0053328
0.00145933
0.000378011
9.55358e-05
2.33405e-05
5.56372e-06
1.32744e-06
3.22603e-07
9.45008e-08
0.0151771
0.00506352
0.00142448
0.000373323
9.4911e-05
2.32405e-05
5.54386e-06
1.32343e-06
3.21635e-07
9.41994e-08
0.0132215
0.0048073
0.00139277
0.000369092
9.43495e-05
2.31536e-05
5.52672e-06
1.3197e-06
3.20708e-07
9.3936e-08
0.011016
0.00456885
0.0013646
0.000365367
9.38578e-05
2.30796e-05
5.51207e-06
1.31632e-06
3.19864e-07
9.37138e-08
0.00865114
0.00435394
0.00134037
0.000362191
9.34404e-05
2.30181e-05
5.49986e-06
1.31338e-06
3.19133e-07
9.35334e-08
0.00622811
0.00416916
0.00132045
0.000359602
9.31003e-05
2.29688e-05
5.4901e-06
1.31096e-06
3.18538e-07
9.33937e-08
0.00394208
0.00402159
0.00130518
0.000357629
9.28394e-05
2.29315e-05
5.48286e-06
1.30916e-06
3.18094e-07
9.32928e-08
0.00205349
0.00391812
0.00129484
0.000356297
9.26589e-05
2.29061e-05
5.47824e-06
1.30801e-06
3.17812e-07
9.32291e-08
0.000889117
0.00386453
0.00128964
0.00035562
9.25598e-05
2.28925e-05
5.47627e-06
1.30757e-06
3.17698e-07
9.32014e-08
0.0132453
0.00521606
0.00145973
0.000379551
9.58831e-05
2.34224e-05
5.58444e-06
1.33157e-06
3.23463e-07
9.48029e-08
0.0124572
0.00497255
0.00142474
0.000374629
9.52165e-05
2.33114e-05
5.56143e-06
1.32718e-06
3.22507e-07
9.44875e-08
0.0115918
0.00474334
0.00139241
0.000370104
9.46033e-05
2.32126e-05
5.54146e-06
1.3231e-06
3.21555e-07
9.41997e-08
0.0105722
0.00452984
0.00136309
0.000366026
9.40523e-05
2.31264e-05
5.52416e-06
1.31934e-06
3.20654e-07
9.39472e-08
0.00933151
0.00433432
0.00133715
0.00036244
9.35694e-05
2.30526e-05
5.50938e-06
1.31597e-06
3.19837e-07
9.37332e-08
0.00787304
0.00416014
0.00131491
0.000359385
9.3159e-05
2.2991e-05
5.49708e-06
1.31306e-06
3.19133e-07
9.35586e-08
0.00629345
0.00401167
0.00129669
0.000356896
9.28239e-05
2.29416e-05
5.48728e-06
1.3107e-06
3.18561e-07
9.34225e-08
0.00478051
0.00389395
0.00128275
0.000355001
9.25662e-05
2.29041e-05
5.48006e-06
1.30894e-06
3.18136e-07
9.33238e-08
0.00353741
0.00381193
0.00127334
0.00035372
9.23872e-05
2.28786e-05
5.47549e-06
1.30784e-06
3.17866e-07
9.32613e-08
0.00277752
0.00376964
0.00126861
0.000353068
9.22881e-05
2.28649e-05
5.4736e-06
1.30743e-06
3.17758e-07
9.32343e-08
0.00882692
0.0044061
0.00128731
0.000339477
8.62211e-05
2.11038e-05
5.03581e-06
1.20108e-06
2.9171e-07
8.54944e-08
0.00821804
0.00420744
0.00125753
0.000335166
8.56292e-05
2.1005e-05
5.01508e-06
1.19703e-06
2.90847e-07
8.52231e-08
0.0077098
0.00402446
0.0012301
0.000331208
8.50853e-05
2.09169e-05
4.99697e-06
1.19329e-06
2.90001e-07
8.49752e-08
0.00719103
0.00385774
0.00120533
0.000327645
8.45965e-05
2.08396e-05
4.98125e-06
1.18987e-06
2.89208e-07
8.4757e-08
0.00655808
0.00370823
0.00118349
0.000324514
8.41679e-05
2.07733e-05
4.96781e-06
1.18684e-06
2.88494e-07
8.45714e-08
0.0057948
0.0035776
0.00116483
0.00032185
8.38031e-05
2.07178e-05
4.95663e-06
1.18424e-06
2.87881e-07
8.44191e-08
0.00497801
0.00346825
0.00114959
0.000319681
8.35047e-05
2.06731e-05
4.94777e-06
1.18215e-06
2.87384e-07
8.42999e-08
0.00423742
0.003383
0.00113798
0.000318029
8.32746e-05
2.06392e-05
4.94128e-06
1.1806e-06
2.87016e-07
8.42131e-08
0.00367331
0.00332447
0.00113015
0.000316913
8.31142e-05
2.0616e-05
4.9372e-06
1.17965e-06
2.86783e-07
8.4158e-08
0.0033512
0.00329464
0.00112621
0.000316344
8.30245e-05
2.06037e-05
4.93558e-06
1.17929e-06
2.8669e-07
8.41342e-08
0.00532422
0.00331294
0.0010028
0.000267505
6.82446e-05
1.67308e-05
3.99507e-06
9.53084e-07
2.31426e-07
6.78195e-08
0.00481591
0.00316527
0.000980166
0.000264162
6.77809e-05
1.66534e-05
3.97864e-06
9.49798e-07
2.30739e-07
6.76145e-08
0.0044328
0.00303128
0.000959381
0.000261096
6.73552e-05
1.65841e-05
3.9642e-06
9.46779e-07
2.30077e-07
6.74272e-08
0.00410622
0.00291138
0.000940662
0.000258338
6.69725e-05
1.65232e-05
3.95164e-06
9.44048e-07
2.29461e-07
6.7262e-08
0.00377332
0.00280605
0.000924207
0.000255918
6.66368e-05
1.64708e-05
3.94089e-06
9.41639e-07
2.28911e-07
6.71208e-08
0.00342967
0.00271606
0.000910196
0.000253859
6.63506e-05
1.64267e-05
3.93198e-06
9.39596e-07
2.2844e-07
6.70046e-08
0.00312482
0.0026425
0.000898788
0.000252184
6.6116e-05
1.63912e-05
3.92494e-06
9.37959e-07
2.2806e-07
6.69133e-08
0.00292058
0.00258647
0.000890115
0.000250908
6.59345e-05
1.63642e-05
3.91982e-06
9.36763e-07
2.2778e-07
6.68465e-08
0.00282918
0.00254882
0.000884282
0.000250046
6.58072e-05
1.63457e-05
3.91664e-06
9.36031e-07
2.27603e-07
6.6804e-08
0.00281076
0.00252993
0.000881357
0.000249605
6.57351e-05
1.63358e-05
3.91544e-06
9.35776e-07
2.27534e-07
6.67857e-08
0.00280063
0.00204721
0.000635414
0.000170884
4.37366e-05
1.07337e-05
2.56419e-06
6.11875e-07
1.48535e-07
4.35161e-08
0.00241852
0.0019558
0.000621286
0.000168772
4.34417e-05
1.06845e-05
2.55363e-06
6.09714e-07
1.48094e-07
4.33924e-08
0.00212004
0.00187348
0.000608335
0.000166835
4.31711e-05
1.06405e-05
2.54433e-06
6.0774e-07
1.47673e-07
4.32789e-08
0.00188509
0.00180066
0.000596694
0.000165095
4.29279e-05
1.06016e-05
2.53621e-06
6.05966e-07
1.47284e-07
4.31784e-08
0.00169746
0.00173769
0.000586484
0.000163568
4.27141e-05
1.05681e-05
2.52928e-06
6.04413e-07
1.46939e-07
4.30922e-08
0.00156405
0.00168493
0.00057781
0.00016227
4.25316e-05
1.05398e-05
2.52355e-06
6.03105e-07
1.46645e-07
4.30209e-08
0.00150821
0.00164276
0.000570763
0.000161214
4.23815e-05
1.0517e-05
2.51904e-06
6.02068e-07
1.46409e-07
4.29646e-08
0.00154414
0.00161138
0.000565419
0.00016041
4.22647e-05
1.04996e-05
2.5158e-06
6.0132e-07
1.46236e-07
4.29233e-08
0.00164472
0.00159076
0.000561831
0.000159866
4.21821e-05
1.04876e-05
2.51383e-06
6.00874e-07
1.46128e-07
4.28969e-08
0.00174067
0.00158057
0.000560035
0.000159586
4.21341e-05
1.04812e-05
2.51317e-06
6.00737e-07
1.46088e-07
4.28857e-08
0.00088132
0.000691741
0.000217468
5.87386e-05
1.50649e-05
3.69711e-06
8.82958e-07
2.10769e-07
5.1168e-08
1.49853e-08
0.000724183
0.000660677
0.000212665
5.80166e-05
1.49642e-05
3.68036e-06
8.79299e-07
2.10003e-07
5.10146e-08
1.49449e-08
0.000595367
0.00063276
0.000208264
5.73548e-05
1.48717e-05
3.66532e-06
8.76074e-07
2.09306e-07
5.08682e-08
1.49075e-08
0.000494578
0.000608188
0.000204312
5.67602e-05
1.47885e-05
3.65205e-06
8.73263e-07
2.08681e-07
5.07335e-08
1.48743e-08
0.000424184
0.000587117
0.000200849
5.62386e-05
1.47153e-05
3.64056e-06
8.70866e-07
2.08136e-07
5.06141e-08
1.48457e-08
0.000389464
0.00056967
0.000197911
5.57951e-05
1.46525e-05
3.63088e-06
8.68895e-07
2.07682e-07
5.0513e-08
1.4822e-08
0.000395003
0.000555917
0.000195527
5.54341e-05
1.46005e-05
3.62303e-06
8.67365e-07
2.07327e-07
5.04325e-08
1.48032e-08
0.000438689
0.000545837
0.000193722
5.51587e-05
1.45596e-05
3.61701e-06
8.66292e-07
2.07078e-07
5.03744e-08
1.47895e-08
0.000503705
0.000539296
0.000192513
5.49715e-05
1.45297e-05
3.61285e-06
8.65695e-07
2.06943e-07
5.034e-08
1.47808e-08
0.00055766
0.00053607
0.00019191
5.48738e-05
1.45108e-05
3.61055e-06
8.65592e-07
2.06925e-07
5.03299e-08
1.47773e-08
)
;

boundaryField
{
    strip0
    {
        type            fixedValue;
        value           uniform 1;
    }
    back1
    {
        type            fixedValue;
        value           uniform 0;
    }
    back2
    {
        type            fixedValue;
        value           uniform 0;
    }
    back3
    {
        type            fixedValue;
        value           uniform 0;
    }
    back4
    {
        type            fixedValue;
        value           uniform 0;
    }
    back5
    {
        type            fixedValue;
        value           uniform 0;
    }
    back6
    {
        type            fixedValue;
        value           uniform 0;
    }
    back7
    {
        type            fixedValue;
        value           uniform 0;
    }
    back8
    {
        type            fixedValue;
        value           uniform 0;
    }
    back9
    {
        type            fixedValue;
        value           uniform 0;
    }
    front1
    {
        type            fixedValue;
        value           uniform 0;
    }
    front2
    {
        type            fixedValue;
        value           uniform 0;
    }
    front3
    {
        type            fixedValue;
        value           uniform 0;
    }
    front4
    {
        type            fixedValue;
        value           uniform 0;
    }
    front6
    {
        type            fixedValue;
        value           uniform 0;
    }
    front7
    {
        type            fixedValue;
        value           uniform 0;
    }
    front8
    {
        type            fixedValue;
        value           uniform 0;
    }
    front9
    {
        type            fixedValue;
        value           uniform 0;
    }
    defaultFaces
    {
        type            empty;
    }
}


// ************************************************************************* //
