/*--------------------------------*- C++ -*----------------------------------*\
| =========                 |                                                 |
| \\      /  F ield         | OpenFOAM: The Open Source CFD Toolbox           |
|  \\    /   O peration     | Version:  2.4.0                                 |
|   \\  /    A nd           | Web:      www.OpenFOAM.org                      |
|    \\/     M anipulation  |                                                 |
\*---------------------------------------------------------------------------*/
FoamFile
{
    version     2.0;
    format      ascii;
    class       volScalarField;
    location    "0.01";
    object      phi;
}
// * * * * * * * * * * * * * * * * * * * * * * * * * * * * * * * * * * * * * //

dimensions      [1 2 -3 0 0 -1 0];

internalField   nonuniform List<scalar> 
9000
(
0.00894535
0.00896702
0.00900854
0.00906622
0.00913451
0.0092059
0.0092711
0.00931918
0.00933807
0.00931531
0.00916061
0.00918842
0.00924211
0.00931781
0.00940949
0.00950893
0.00960558
0.00968676
0.00973804
0.00974406
0.00959723
0.00963827
0.00971832
0.00983317
0.0099761
0.0101375
0.0103043
0.0104603
0.0105857
0.0106587
0.010267
0.0103303
0.010455
0.0106368
0.0108683
0.0111382
0.0114302
0.0117219
0.0119849
0.0121852
0.0111863
0.0112841
0.0114784
0.0117656
0.0121386
0.0125853
0.0130856
0.0136093
0.0141138
0.0145447
0.0123745
0.0125234
0.0128213
0.0132675
0.0138583
0.0145835
0.0154214
0.0163328
0.0172553
0.0180998
0.0138512
0.0140729
0.0145201
0.0151992
0.0161159
0.0172697
0.0186448
0.0201977
0.021841
0.0234303
0.0156319
0.0159541
0.0166095
0.0176191
0.0190098
0.020807
0.0230208
0.0256224
0.0285075
0.0314513
0.0177234
0.018179
0.0191142
0.0205757
0.0226315
0.0253632
0.0288499
0.0331322
0.0381422
0.0435799
0.0201179
0.0207434
0.0220378
0.02409
0.0270368
0.0310638
0.0363971
0.0432703
0.0518309
0.061898
0.0237565
0.0237786
0.023819
0.0238701
0.0239208
0.0239569
0.0239612
0.0239146
0.0237972
0.0235893
0.0242137
0.0242438
0.0242999
0.0243739
0.0244535
0.024523
0.0245634
0.024553
0.0244689
0.0242883
0.025134
0.025181
0.0252704
0.0253926
0.0255337
0.0256747
0.0257925
0.0258605
0.0258494
0.0257293
0.0265284
0.026603
0.0267465
0.0269479
0.0271902
0.0274501
0.0276982
0.0278995
0.0280146
0.0280014
0.0284111
0.0285263
0.0287502
0.0290698
0.0294643
0.0299051
0.030354
0.0307643
0.0310809
0.0312433
0.0307964
0.0309685
0.0313057
0.031793
0.032406
0.0331096
0.0338552
0.0345802
0.0352075
0.0356486
0.0336948
0.033944
0.0344351
0.0351521
0.036068
0.0371416
0.0383128
0.0394992
0.0405941
0.041468
0.0371085
0.0374585
0.0381518
0.0391735
0.0404964
0.0420755
0.0438402
0.0456867
0.0474701
0.0490026
0.0410258
0.0415031
0.0424533
0.0438657
0.0457173
0.0479646
0.0505316
0.0532945
0.0560649
0.058577
0.0454165
0.0460488
0.0473136
0.0492084
0.0517208
0.0548175
0.0584265
0.0624129
0.0665469
0.070469
0.0324666
0.0324591
0.0324407
0.0324047
0.0323417
0.0322393
0.0320835
0.0318592
0.0315509
0.0311442
0.0329442
0.0329415
0.0329325
0.0329098
0.0328631
0.0327792
0.0326425
0.0324363
0.0321433
0.0317473
0.033901
0.0339083
0.0339185
0.0339236
0.0339112
0.033866
0.0337695
0.0336017
0.0333416
0.032969
0.0353391
0.0353622
0.0354033
0.0354526
0.0354953
0.0355126
0.0354816
0.0353769
0.0351718
0.0348396
0.0372602
0.037306
0.0373915
0.0375047
0.0376275
0.0377361
0.0378019
0.037792
0.0376708
0.0374027
0.0396633
0.03974
0.039886
0.0400865
0.0403195
0.0405552
0.0407569
0.040882
0.0408832
0.0407118
0.0425426
0.0426596
0.0428847
0.0432003
0.0435793
0.043985
0.044371
0.044682
0.0448554
0.044825
0.0458845
0.0460524
0.0463778
0.04684
0.0474064
0.0480324
0.0486602
0.0492192
0.0496275
0.0497954
0.0496652
0.0498953
0.0503438
0.0509867
0.0517859
0.0526883
0.0536235
0.0545028
0.0552206
0.0556577
0.0538484
0.0541521
0.0547468
0.0556052
0.0566841
0.0579216
0.0592334
0.0605113
0.0616216
0.0624088
0.0353639
0.0353294
0.0352583
0.0351465
0.034988
0.0347757
0.0345013
0.0341562
0.0337319
0.0332209
0.035756
0.0357234
0.0356561
0.0355494
0.0353973
0.0351917
0.0349237
0.034584
0.0341632
0.033653
0.0365388
0.0365103
0.0364506
0.0363548
0.0362156
0.0360239
0.0357695
0.0354411
0.0350279
0.0345199
0.0377094
0.0376872
0.0376397
0.0375609
0.0374423
0.0372728
0.03704
0.0367303
0.0363301
0.0358267
0.0392627
0.0392494
0.0392191
0.0391645
0.0390751
0.0389376
0.0387363
0.0384542
0.0380742
0.0375796
0.0411903
0.0411888
0.0411814
0.0411593
0.0411093
0.0410151
0.0408572
0.040614
0.0402635
0.039784
0.0434796
0.0434933
0.0435153
0.0435347
0.0435359
0.0434983
0.0433977
0.043207
0.0428977
0.0424421
0.0461126
0.0461451
0.0462035
0.0462749
0.0463399
0.0463738
0.0463464
0.0462239
0.0459702
0.0455495
0.0490653
0.0491203
0.0492225
0.0493564
0.049499
0.0496202
0.0496832
0.0496463
0.0494644
0.0490918
0.0523064
0.0523878
0.052541
0.0527481
0.0529818
0.0532062
0.0533772
0.0534439
0.0533508
0.0530407
0.0340109
0.0339638
0.0338687
0.0337235
0.0335254
0.033271
0.0329566
0.0325784
0.032133
0.0316174
0.0342976
0.0342511
0.0341569
0.034013
0.0338163
0.0335631
0.0332495
0.0328713
0.0324247
0.0319067
0.0348691
0.0348236
0.0347314
0.0345901
0.0343963
0.0341458
0.0338338
0.0334558
0.0330072
0.0324842
0.0357211
0.0356773
0.0355883
0.0354512
0.0352619
0.0350156
0.0347067
0.0343293
0.0338781
0.0333482
0.0368472
0.0368058
0.0367212
0.0365901
0.0364075
0.0361675
0.0358632
0.0354875
0.0350334
0.034495
0.0382381
0.0381999
0.0381213
0.0379982
0.0378248
0.0375935
0.037296
0.0369234
0.036467
0.035919
0.0398818
0.0398476
0.0397767
0.039664
0.0395023
0.0392827
0.0389947
0.0386274
0.0381697
0.0376116
0.0417626
0.0417334
0.0416719
0.0415722
0.0414254
0.0412207
0.0409454
0.0405858
0.0401285
0.0395606
0.0438614
0.0438381
0.043788
0.0437038
0.0435751
0.0433888
0.0431296
0.0427809
0.0423258
0.0417487
0.0461555
0.046139
0.046102
0.046036
0.0459286
0.0457642
0.0455245
0.0451896
0.0447391
0.0441537
0.02995
0.0299029
0.0298081
0.0296651
0.0294727
0.0292298
0.0289352
0.0285877
0.0281865
0.0277311
0.0301469
0.0300997
0.0300049
0.0298618
0.0296691
0.0294256
0.02913
0.028781
0.0283777
0.0279196
0.0305389
0.0304917
0.0303968
0.0302534
0.0300601
0.0298155
0.029518
0.0291662
0.0287587
0.028295
0.0311223
0.0310751
0.0309802
0.0308365
0.0306424
0.0303962
0.0300961
0.02974
0.0293265
0.0288546
0.0318919
0.0318448
0.0317498
0.0316058
0.0314108
0.0311627
0.0308592
0.0304978
0.0300765
0.0295938
0.0328402
0.0327932
0.0326983
0.0325541
0.0323582
0.032108
0.0318005
0.0314328
0.0310022
0.0305065
0.0339578
0.033911
0.0338164
0.0336722
0.0334755
0.0332232
0.0329114
0.0325366
0.0320953
0.0315846
0.0352333
0.0351869
0.0350928
0.0349488
0.0347516
0.0344971
0.0341809
0.0337984
0.0333452
0.0328178
0.0366532
0.0366073
0.036514
0.0363705
0.036173
0.0359166
0.0355959
0.0352053
0.0347394
0.0341937
0.0382019
0.0381567
0.0380644
0.0379218
0.0377244
0.0374663
0.0371411
0.0367421
0.0362629
0.0356978
0.024303
0.024263
0.0241828
0.0240624
0.0239016
0.0237001
0.0234578
0.0231748
0.0228513
0.0224878
0.0244322
0.024392
0.0243116
0.0241907
0.0240292
0.0238268
0.0235834
0.0232989
0.0229736
0.022608
0.0246892
0.0246488
0.0245678
0.024446
0.0242832
0.0240791
0.0238334
0.0235461
0.0232172
0.0228472
0.0250715
0.0250307
0.0249489
0.0248258
0.0246611
0.0244544
0.0242054
0.0239138
0.0235796
0.0232032
0.0255754
0.025534
0.0254511
0.0253263
0.0251592
0.0249492
0.0246957
0.0243985
0.0240574
0.0236726
0.0261955
0.0261535
0.0260693
0.0259425
0.0257724
0.0255583
0.0252995
0.0249955
0.0246459
0.0242507
0.0269255
0.0268828
0.0267972
0.026668
0.0264944
0.0262756
0.0260106
0.0256987
0.0253392
0.0249319
0.0277578
0.0277143
0.027627
0.0274951
0.0273177
0.0270936
0.0268217
0.0265008
0.0261301
0.0257091
0.0286834
0.028639
0.0285499
0.0284152
0.0282336
0.0280038
0.0277242
0.0273934
0.0270103
0.0265742
0.0296926
0.0296471
0.0295561
0.0294182
0.0292322
0.0289961
0.0287083
0.0283669
0.0279703
0.0275175
0.0177818
0.0177523
0.0176932
0.0176046
0.0174867
0.0173396
0.0171634
0.0169587
0.0167258
0.0164655
0.0178618
0.0178321
0.0177728
0.0176838
0.0175653
0.0174175
0.0172405
0.0170347
0.0168006
0.0165389
0.0180208
0.0179909
0.017931
0.0178413
0.0177218
0.0175725
0.0173938
0.0171859
0.0169494
0.0166848
0.0182573
0.018227
0.0181664
0.0180755
0.0179544
0.0178031
0.0176219
0.0174109
0.0171707
0.0169019
0.0185689
0.0185381
0.0184765
0.0183841
0.0182609
0.0181069
0.0179223
0.0177073
0.0174623
0.0171879
0.0189522
0.0189208
0.018858
0.0187637
0.018638
0.0184807
0.018292
0.018072
0.0178212
0.01754
0.0194033
0.0193712
0.0193069
0.0192105
0.0190817
0.0189206
0.0187271
0.0185014
0.0182436
0.0179544
0.0199173
0.0198845
0.0198186
0.0197197
0.0195876
0.0194221
0.0192231
0.0189908
0.0187252
0.0184269
0.0204889
0.0204553
0.0203876
0.020286
0.0201501
0.0199798
0.0197748
0.0195351
0.0192609
0.0189524
0.021112
0.0210774
0.0210079
0.0209033
0.0207634
0.0205878
0.0203763
0.0201287
0.0198451
0.0195258
0.0108075
0.0107896
0.0107538
0.0107003
0.0106291
0.0105404
0.0104345
0.0103116
0.0101723
0.0100169
0.0108507
0.0108328
0.0107968
0.0107431
0.0106715
0.0105824
0.010476
0.0103526
0.0102126
0.0100564
0.0109369
0.0109187
0.0108825
0.0108282
0.010756
0.0106661
0.0105587
0.0104341
0.0102927
0.010135
0.0110649
0.0110465
0.0110098
0.0109548
0.0108817
0.0107906
0.0106817
0.0105553
0.0104118
0.0102518
0.0112335
0.0112149
0.0111775
0.0111216
0.0110472
0.0109545
0.0108436
0.0107149
0.0105688
0.0104057
0.011441
0.011422
0.0113839
0.0113268
0.0112508
0.0111561
0.0110429
0.0109113
0.0107619
0.010595
0.0116851
0.0116656
0.0116267
0.0115683
0.0114905
0.0113935
0.0112774
0.0111425
0.0109892
0.0108179
0.0119634
0.0119434
0.0119034
0.0118435
0.0117636
0.011664
0.0115447
0.011406
0.0112483
0.0110719
0.0122729
0.0122522
0.0122111
0.0121495
0.0120674
0.0119648
0.011842
0.0116991
0.0115365
0.0113545
0.0126104
0.0125891
0.0125467
0.0124832
0.0123986
0.0122929
0.0121662
0.0120187
0.0118507
0.0116626
0.00362269
0.00361671
0.00360478
0.00358692
0.00356318
0.00353364
0.00349839
0.00345754
0.00341126
0.00335971
0.00363637
0.00363037
0.00361838
0.00360043
0.00357659
0.00354691
0.0035115
0.00347047
0.00342396
0.00337216
0.00366358
0.00365752
0.00364543
0.00362733
0.00360327
0.00357333
0.00353759
0.00349618
0.00344923
0.00339693
0.00370404
0.00369791
0.00368566
0.00366732
0.00364295
0.00361261
0.00357639
0.00353441
0.00348681
0.00343377
0.00375732
0.00375109
0.00373863
0.00371999
0.0036952
0.00366433
0.00362748
0.00358475
0.0035363
0.00348228
0.00382288
0.00381652
0.00380381
0.00378478
0.00375948
0.00372798
0.00369034
0.0036467
0.00359719
0.00354199
0.00390002
0.00389351
0.00388051
0.00386104
0.00383514
0.00380288
0.00376433
0.00371961
0.00366887
0.00361226
0.00398794
0.00398128
0.00396794
0.00394796
0.00392138
0.00388826
0.00384868
0.00380274
0.00375058
0.00369238
0.00408573
0.0040789
0.00406519
0.00404465
0.00401731
0.00398324
0.0039425
0.0038952
0.00384148
0.0037815
0.00419235
0.00418533
0.00417123
0.00415007
0.00412192
0.0040868
0.00404481
0.00399604
0.00394062
0.00387874
0.0440809
0.0465514
0.0517806
0.0603902
0.0734327
0.0925595
0.120289
0.160419
0.218656
0.303528
0.0497211
0.0523078
0.0577741
0.0667501
0.0803007
0.100091
0.128652
0.169788
0.229187
0.315314
0.0504476
0.0530361
0.0585057
0.0674864
0.0810427
0.10084
0.129408
0.170551
0.229955
0.316086
0.0505693
0.0531576
0.0586268
0.0676071
0.0811628
0.100959
0.129526
0.170668
0.230071
0.3162
0.0505925
0.0531807
0.0586498
0.0676299
0.0811854
0.100981
0.129549
0.17069
0.230092
0.316221
0.0505934
0.0531815
0.0586505
0.0676306
0.081186
0.100982
0.129549
0.17069
0.230092
0.316221
0.0505751
0.0531636
0.058633
0.0676133
0.0811691
0.100966
0.129533
0.170675
0.230078
0.316207
0.05047
0.0530583
0.0585277
0.0675083
0.0810646
0.100862
0.12943
0.170572
0.229976
0.316107
0.0498161
0.0524031
0.05787
0.0668469
0.0803984
0.10019
0.128753
0.169891
0.229292
0.315423
0.0444211
0.0468896
0.0521151
0.0607194
0.0737553
0.0928749
0.120598
0.160726
0.218971
0.303875
0.0885864
0.0908467
0.0954285
0.102446
0.112048
0.124384
0.139537
0.15741
0.177521
0.198667
0.101867
0.104255
0.10909
0.11648
0.126564
0.139475
0.155273
0.173822
0.194591
0.216308
0.103825
0.106213
0.111049
0.11844
0.128524
0.141435
0.157229
0.175772
0.19653
0.218228
0.104172
0.10656
0.111395
0.118784
0.128867
0.141776
0.157568
0.176107
0.196861
0.218556
0.104241
0.106629
0.111464
0.118854
0.128937
0.141845
0.157636
0.176175
0.196929
0.218624
0.104245
0.106633
0.111469
0.118858
0.128941
0.14185
0.157641
0.176181
0.196935
0.21863
0.104186
0.106573
0.111408
0.118797
0.12888
0.141788
0.15758
0.176118
0.196872
0.218566
0.103894
0.106283
0.111119
0.11851
0.128596
0.141507
0.157302
0.175845
0.196604
0.218304
0.102137
0.104525
0.109361
0.116752
0.126839
0.139753
0.155554
0.174108
0.194883
0.216607
0.0896256
0.0918862
0.096469
0.103489
0.113099
0.125449
0.140631
0.158554
0.178752
0.200046
0.0945381
0.0955996
0.0976991
0.100786
0.104771
0.109516
0.11481
0.120352
0.125729
0.130403
0.110631
0.111754
0.113975
0.117233
0.121428
0.126405
0.13193
0.137678
0.143203
0.147936
0.113401
0.114524
0.116741
0.119994
0.124181
0.129146
0.134656
0.140382
0.145881
0.15058
0.113919
0.115041
0.117257
0.120507
0.124692
0.129653
0.135158
0.140879
0.146371
0.151064
0.114021
0.115142
0.117357
0.120607
0.124791
0.129751
0.135255
0.140975
0.146466
0.151156
0.114023
0.115144
0.117359
0.120609
0.124792
0.129752
0.135256
0.140975
0.146466
0.151156
0.113948
0.11507
0.117287
0.120538
0.124723
0.129684
0.13519
0.140911
0.146404
0.151097
0.113497
0.114619
0.116836
0.120088
0.124275
0.12924
0.134749
0.140475
0.145973
0.150672
0.111053
0.112177
0.114399
0.11766
0.121859
0.12684
0.132371
0.138125
0.143658
0.1484
0.0961546
0.0972134
0.0993084
0.102389
0.106369
0.11111
0.116408
0.121967
0.127387
0.132157
0.0836256
0.0839715
0.0846419
0.0855925
0.0867555
0.0880389
0.0893253
0.0904736
0.091322
0.0916958
0.0993478
0.0997087
0.100405
0.101388
0.102582
0.103886
0.10517
0.106282
0.107045
0.107271
0.102449
0.102805
0.103492
0.104463
0.10564
0.106921
0.108179
0.109257
0.10998
0.11016
0.10308
0.103435
0.104121
0.105089
0.106262
0.10754
0.108792
0.109864
0.110581
0.110753
0.103213
0.103568
0.104255
0.105222
0.106395
0.107673
0.108924
0.109996
0.110712
0.110883
0.103222
0.103578
0.104264
0.105232
0.106406
0.107683
0.108935
0.110007
0.110723
0.110895
0.103104
0.103459
0.104145
0.105112
0.106285
0.107562
0.108814
0.109885
0.110601
0.110773
0.102584
0.102941
0.10363
0.104601
0.105778
0.107061
0.108319
0.109399
0.110123
0.110305
0.0998512
0.100212
0.100908
0.101892
0.103087
0.104392
0.105679
0.106794
0.107561
0.107792
0.0856334
0.0859724
0.0866287
0.087558
0.0886926
0.0899411
0.0911882
0.0922968
0.0931148
0.0934871
0.0682506
0.0683045
0.0684011
0.0685196
0.0686292
0.0686902
0.0686552
0.0684714
0.068083
0.067435
0.0819702
0.0820142
0.0820914
0.0821786
0.0822412
0.0822351
0.082108
0.0818016
0.0812548
0.0804077
0.0850795
0.0851202
0.0851892
0.085263
0.0853074
0.0852781
0.0851227
0.0847828
0.0841971
0.0833056
0.0857418
0.0857813
0.0858482
0.0859191
0.0859596
0.0859254
0.0857642
0.0854175
0.0848242
0.0839241
0.0858774
0.0859163
0.0859826
0.0860527
0.0860923
0.0860571
0.0858946
0.0855464
0.0849514
0.0840494
0.0858801
0.0859186
0.0859845
0.0860543
0.0860936
0.0860581
0.0858953
0.0855466
0.0849511
0.0840485
0.0857837
0.0858239
0.0858913
0.0859626
0.0860034
0.0859696
0.0858089
0.0854627
0.08487
0.0839706
0.0852071
0.0852469
0.0853153
0.0853887
0.0854326
0.0854029
0.085247
0.0849064
0.08432
0.0834277
0.0825339
0.0825789
0.082657
0.0827449
0.0828086
0.0828038
0.0826785
0.0823745
0.0818308
0.0809877
0.0704421
0.0704862
0.0705638
0.0706538
0.0707248
0.0707371
0.0706439
0.0703944
0.0699382
0.0692317
0.0530927
0.0530537
0.0529722
0.0528399
0.0526454
0.0523739
0.052009
0.0515327
0.0509273
0.0501765
0.0642627
0.0642098
0.0640986
0.06392
0.0636613
0.0633063
0.0628368
0.0622329
0.0614751
0.0605457
0.0670513
0.0669927
0.0668716
0.0666789
0.0664015
0.0660232
0.0655254
0.0648886
0.064093
0.0631209
0.0676936
0.0676343
0.0675115
0.0673162
0.0670353
0.0666526
0.0661497
0.0655068
0.0647044
0.0637248
0.0678373
0.0677783
0.0676555
0.0674599
0.0671785
0.0667953
0.0662916
0.0656479
0.0648447
0.063864
0.067848
0.0677894
0.0676669
0.0674715
0.0671904
0.0668074
0.066304
0.0656607
0.0648578
0.0638777
0.067719
0.067659
0.0675358
0.0673401
0.0670589
0.0666759
0.0661725
0.0655291
0.0647261
0.0637456
0.0671999
0.0671422
0.0670217
0.0668293
0.0665523
0.0661745
0.0656773
0.065041
0.0642463
0.0632751
0.0647963
0.0647424
0.0646303
0.064451
0.0641916
0.0638359
0.0633656
0.062761
0.0620027
0.0610728
0.0552937
0.0552474
0.0551508
0.0549955
0.0547697
0.0544586
0.0540457
0.0535137
0.052847
0.0520334
0.0393965
0.039343
0.0392342
0.0390674
0.0388389
0.0385442
0.0381782
0.0377355
0.0372114
0.0366017
0.0478664
0.0477978
0.0476601
0.0474501
0.0471634
0.0467949
0.0463389
0.0457896
0.0451417
0.0443908
0.0502113
0.05014
0.0499953
0.0497742
0.0494726
0.0490855
0.0486073
0.0480322
0.0473549
0.0465713
0.0507628
0.0506905
0.0505441
0.0503207
0.050016
0.0496251
0.0491422
0.0485617
0.0478783
0.0470879
0.0508802
0.0508075
0.0506606
0.0504366
0.0501313
0.0497395
0.0492556
0.0486739
0.0479892
0.0471973
0.0508819
0.0508087
0.0506616
0.0504375
0.0501319
0.04974
0.0492558
0.0486739
0.0479888
0.0471965
0.0508015
0.0507297
0.0505836
0.0503603
0.0500558
0.049665
0.0491823
0.0486021
0.0479191
0.0471291
0.0503218
0.0502497
0.0501046
0.0498832
0.0495814
0.0491939
0.0487153
0.0481396
0.0474617
0.0466774
0.0483625
0.0482945
0.0481568
0.0479465
0.0476594
0.0472905
0.046834
0.0462842
0.045636
0.0448849
0.0413902
0.041332
0.0412143
0.0410343
0.0407881
0.0404709
0.0400774
0.0396022
0.0390404
0.0383875
0.0271013
0.0270573
0.0269692
0.0268362
0.0266573
0.0264313
0.0261569
0.025833
0.0254586
0.0250335
0.033021
0.0329671
0.0328582
0.0326936
0.0324723
0.032193
0.0318545
0.0314556
0.0309954
0.0304735
0.0347409
0.0346835
0.0345686
0.0343954
0.0341628
0.0338694
0.0335139
0.0330951
0.0326124
0.0320654
0.0351721
0.0351142
0.0349981
0.0348232
0.0345882
0.0342918
0.0339329
0.0335102
0.0330231
0.0324711
0.035273
0.0352152
0.035099
0.0349238
0.0346883
0.0343915
0.034032
0.0336087
0.0331208
0.0325681
0.0352812
0.0352237
0.0351077
0.0349325
0.0346972
0.0344004
0.034041
0.0336179
0.0331302
0.0325777
0.0351889
0.0351306
0.0350144
0.0348394
0.0346043
0.0343079
0.0339488
0.0335259
0.0330384
0.032486
0.034847
0.03479
0.0346753
0.0345021
0.0342694
0.0339759
0.0336205
0.0332019
0.0327193
0.0321725
0.0333947
0.0333401
0.0332306
0.0330654
0.0328434
0.0325632
0.0322236
0.0318234
0.0313616
0.030838
0.0287041
0.0286586
0.0285675
0.0284299
0.0282448
0.0280109
0.0277268
0.0273909
0.0270014
0.0265557
0.0158587
0.0158318
0.0157778
0.0156965
0.0155879
0.0154517
0.0152879
0.0150964
0.0148773
0.0146309
0.0193243
0.0192909
0.0192241
0.0191239
0.0189899
0.0188221
0.0186202
0.0183842
0.0181145
0.0178114
0.0203997
0.0203647
0.0202945
0.0201889
0.020048
0.0198716
0.0196595
0.0194119
0.019129
0.0188112
0.0206667
0.0206313
0.0205604
0.0204538
0.0203115
0.0201332
0.019919
0.0196689
0.0193832
0.0190622
0.0207245
0.020689
0.020618
0.0205112
0.0203687
0.0201901
0.0199755
0.0197249
0.0194386
0.019117
0.0207248
0.0206892
0.0206181
0.0205114
0.0203688
0.0201902
0.0199755
0.0197248
0.0194384
0.0191167
0.0206873
0.020652
0.020581
0.0204743
0.0203319
0.0201536
0.0199394
0.0196893
0.0194036
0.0190827
0.0204538
0.0204186
0.0203484
0.020243
0.0201021
0.0199256
0.0197134
0.0194656
0.0191825
0.0188644
0.0195758
0.0195423
0.0194753
0.0193747
0.0192402
0.0190717
0.0188691
0.0186325
0.0183619
0.0180578
0.0168865
0.0168592
0.0168045
0.0167224
0.0166126
0.0164749
0.0163091
0.0161148
0.0158912
0.0156366
0.00521772
0.00520875
0.00519076
0.00516375
0.00512771
0.00508263
0.00502855
0.00496554
0.0048937
0.00481322
0.0063663
0.00635512
0.0063328
0.00629937
0.00625486
0.00619927
0.00613267
0.00605513
0.00596681
0.00586792
0.00672138
0.00670976
0.00668646
0.00665145
0.00660474
0.00654636
0.00647637
0.00639487
0.00630205
0.00619813
0.00681413
0.00680234
0.00677874
0.00674332
0.00669608
0.00663707
0.00656634
0.006484
0.00639022
0.00628525
0.00683654
0.00682467
0.00680096
0.00676542
0.00671805
0.0066589
0.00658802
0.00650552
0.00641157
0.00630641
0.00683864
0.00682676
0.00680302
0.00676745
0.00672006
0.0066609
0.00659002
0.00650754
0.00641361
0.00630848
0.00681732
0.0068056
0.00678209
0.00674674
0.00669956
0.00664057
0.00656984
0.00648747
0.00639365
0.00628863
0.00674536
0.00673362
0.00671017
0.00667503
0.00662821
0.00656975
0.0064997
0.00641817
0.00632532
0.00622139
0.0064477
0.00643656
0.00641427
0.00638081
0.00633619
0.00628043
0.00621358
0.00613573
0.00604702
0.00594767
0.0055734
0.00556434
0.00554619
0.00551896
0.00548261
0.00543713
0.00538246
0.00531852
0.00524506
0.00516158
0.0207961
0.0213445
0.0224688
0.0242216
0.0266739
0.029898
0.0339255
0.0386503
0.0436072
0.0474584
0.0184861
0.0188672
0.0196387
0.020815
0.0224064
0.0244002
0.0267237
0.0291789
0.0313353
0.0323895
0.0165192
0.0167777
0.0172946
0.0180662
0.0190779
0.0202906
0.021619
0.0229014
0.0238634
0.0240975
0.014887
0.0150598
0.0154016
0.0159023
0.0165411
0.017278
0.0180431
0.0187221
0.0191415
0.0190543
0.0135643
0.0136788
0.013903
0.0142259
0.0146274
0.0150741
0.0155129
0.0158644
0.0160152
0.0158083
0.012519
0.0125942
0.0127399
0.0129457
0.013194
0.0134574
0.0136955
0.0138518
0.0138503
0.0135931
0.0117204
0.0117693
0.0118625
0.0119905
0.0121376
0.0122804
0.0123863
0.0124125
0.0123058
0.0120044
0.0111429
0.0111744
0.0112329
0.0113094
0.011389
0.0114501
0.0114638
0.0113936
0.0111973
0.0108327
0.0107676
0.0107884
0.0108255
0.0108697
0.0109063
0.0109139
0.0108637
0.0107188
0.0104359
0.00997105
0.0105829
0.0105984
0.010625
0.0106533
0.0106683
0.0106482
0.0105625
0.0103698
0.0100132
0.00940889
0.0482876
0.0488493
0.0499587
0.0515786
0.0536333
0.0559758
0.0583258
0.0601472
0.0603857
0.0568577
0.0441941
0.0446138
0.0454389
0.0466358
0.0481436
0.0498612
0.0516322
0.0532375
0.054441
0.0552385
0.0406479
0.0409671
0.0415958
0.0425136
0.0436898
0.0450868
0.0466775
0.0484955
0.0507711
0.0542588
0.0376397
0.0378882
0.0383799
0.0391066
0.04006
0.0412404
0.0426762
0.0444643
0.0468394
0.0502701
0.0351381
0.0353339
0.0357228
0.0363023
0.0370723
0.0380413
0.0392369
0.04072
0.0425951
0.0449916
0.033106
0.0332599
0.0335651
0.034019
0.0346194
0.0353665
0.0362655
0.0373261
0.038549
0.0398868
0.0315112
0.0316308
0.031866
0.0322112
0.0326574
0.0331919
0.0337971
0.0344459
0.035089
0.0356286
0.0303305
0.0304229
0.0306021
0.0308583
0.0311749
0.0315273
0.0318803
0.0321851
0.0323739
0.032357
0.0295491
0.0296224
0.0297614
0.0299531
0.0301747
0.0303919
0.0305562
0.0306006
0.0304385
0.0299742
0.0291597
0.0292224
0.0293402
0.0294976
0.0296681
0.029812
0.0298704
0.029758
0.029348
0.0284415
0.0590534
0.0593133
0.0598027
0.0604507
0.0611294
0.0616178
0.0615263
0.0601388
0.0560529
0.0463096
0.0553903
0.0556008
0.0559992
0.0565356
0.0571265
0.0576429
0.0578964
0.057633
0.0565813
0.0547309
0.0522216
0.0524126
0.052784
0.053316
0.0539833
0.0547666
0.0556841
0.0568703
0.0587699
0.0625957
0.0495273
0.0497133
0.0500849
0.0506457
0.0514116
0.052429
0.053812
0.0558121
0.0589401
0.0641494
0.0472701
0.0474525
0.0478219
0.0483928
0.0491962
0.0502939
0.0518016
0.0539231
0.0569878
0.0614681
0.0454144
0.045588
0.04594
0.0464848
0.0472493
0.0482795
0.0496505
0.051474
0.0538927
0.0570422
0.0439367
0.0440961
0.0444171
0.0449081
0.0455826
0.0464609
0.0475714
0.048947
0.0506092
0.0525302
0.0428266
0.0429697
0.0432547
0.043682
0.0442504
0.0449556
0.0457882
0.0467277
0.0477322
0.0487242
0.0420827
0.0422117
0.042465
0.0428366
0.0433133
0.0438723
0.0444765
0.0450673
0.0455578
0.0458385
0.0417089
0.0418287
0.0420633
0.0424023
0.0428259
0.0433007
0.0437721
0.0441514
0.044293
0.0439505
0.0591608
0.0592096
0.0592798
0.0593068
0.0591755
0.058689
0.0575043
0.0549967
0.0499575
0.039877
0.0565858
0.0566352
0.0567138
0.0567762
0.0567461
0.0565055
0.055879
0.0546224
0.052446
0.0492082
0.0543966
0.0544701
0.0546081
0.0547933
0.0550028
0.0552174
0.0554448
0.0557811
0.0565604
0.0587074
0.0525661
0.0526724
0.0528862
0.053213
0.0536705
0.0543037
0.0552164
0.0566302
0.0589884
0.0631123
0.0510527
0.0511882
0.0514655
0.0519026
0.0525345
0.0534267
0.0546968
0.0565473
0.0593049
0.0634528
0.0498186
0.0499729
0.0502889
0.0507861
0.0514987
0.0524829
0.0538273
0.0556642
0.0581708
0.0615516
0.0488391
0.0490015
0.0493321
0.0498459
0.0505667
0.0515295
0.0527835
0.0543914
0.0564184
0.058905
0.0481029
0.0482661
0.0485952
0.0490988
0.049788
0.0506764
0.051779
0.0531077
0.0546619
0.0564129
0.0476084
0.0477689
0.0480896
0.0485734
0.0492212
0.0500304
0.0509911
0.0520808
0.0532562
0.054453
0.0473594
0.0475164
0.04783
0.0482992
0.0489194
0.0496789
0.0505535
0.0514961
0.0524198
0.053166
0.0536958
0.0536602
0.0535712
0.0533855
0.0530277
0.0523709
0.0512001
0.0491354
0.0454664
0.0387648
0.0521014
0.0520801
0.0520238
0.0519003
0.0516566
0.0512105
0.0504408
0.0491784
0.0472155
0.0444036
0.0507846
0.0507944
0.0508073
0.0508085
0.0507776
0.0506916
0.0505368
0.0503401
0.0502465
0.0506979
0.049722
0.0497701
0.049866
0.0500105
0.0502095
0.0504821
0.050877
0.0515047
0.0525931
0.0545691
0.0488781
0.0489627
0.0491356
0.049407
0.0497967
0.0503408
0.0511044
0.0522
0.0538101
0.0562079
0.0482175
0.0483317
0.0485651
0.0489312
0.0494523
0.0501642
0.0511221
0.0524076
0.0541301
0.0564201
0.0477126
0.047848
0.0481237
0.0485525
0.0491537
0.0499549
0.0509942
0.0523194
0.0539818
0.0560188
0.0473448
0.0474941
0.0477965
0.0482629
0.0489079
0.049751
0.050816
0.0521293
0.0537112
0.0555618
0.0471033
0.0472604
0.0475775
0.0480634
0.0487295
0.04959
0.0506619
0.0519625
0.0535058
0.0552956
0.0469833
0.047143
0.047466
0.0479595
0.0486336
0.0495006
0.0505751
0.0518731
0.0534121
0.0552157
0.045504
0.0454567
0.0453541
0.0451749
0.0448841
0.0444257
0.0437111
0.0425956
0.0408297
0.037947
0.0445897
0.0445548
0.0444781
0.0443424
0.04412
0.0437698
0.0432332
0.0424319
0.0412722
0.0396775
0.0438577
0.0438447
0.0438143
0.0437561
0.0436543
0.0434886
0.0432362
0.0428819
0.0424394
0.0419991
0.0432948
0.0433093
0.0433363
0.0433721
0.043412
0.0434518
0.0434925
0.0435493
0.0436666
0.0439375
0.0428784
0.0429216
0.0430081
0.0431389
0.0433167
0.0435464
0.0438387
0.0442143
0.0447093
0.0453784
0.0425823
0.0426525
0.0427942
0.0430117
0.0433115
0.0437026
0.0441974
0.0448132
0.0455684
0.046478
0.0423808
0.0424745
0.0426643
0.0429567
0.0433609
0.0438884
0.0445534
0.0453707
0.046349
0.0474788
0.0422514
0.0423642
0.0425928
0.042946
0.0434357
0.0440776
0.0448917
0.0459
0.0471197
0.0485465
0.0421756
0.0423018
0.0425579
0.0429544
0.0435067
0.0442366
0.0451749
0.0463627
0.0478504
0.0496877
0.0421409
0.0422733
0.0425434
0.0429625
0.0435485
0.0443287
0.0453442
0.0466578
0.0483716
0.0506658
0.0359901
0.0359565
0.0358881
0.0357793
0.0356229
0.0354108
0.035137
0.0348039
0.0344382
0.0341271
0.0354884
0.0354617
0.0354064
0.0353168
0.0351846
0.0349991
0.0347481
0.0344203
0.0340077
0.0335059
0.0350932
0.035077
0.0350422
0.0349829
0.0348901
0.0347501
0.0345441
0.0342456
0.033815
0.0331807
0.0348012
0.0347988
0.0347916
0.0347741
0.0347374
0.034667
0.0345414
0.0343283
0.0339792
0.0334162
0.0346027
0.0346169
0.0346431
0.0346773
0.0347119
0.0347343
0.0347242
0.0346508
0.0344673
0.0341048
0.0344826
0.0345152
0.0345788
0.0346717
0.0347894
0.0349234
0.0350588
0.0351718
0.0352229
0.0351521
0.0344221
0.0344733
0.0345757
0.0347304
0.0349379
0.0351969
0.0355026
0.0358439
0.0361959
0.0365113
0.0344008
0.0344691
0.0346074
0.0348206
0.0351155
0.0355008
0.0359871
0.0365851
0.0372989
0.0381104
0.0343993
0.0344809
0.0346472
0.0349068
0.0352732
0.0357663
0.0364163
0.0372659
0.0383716
0.0397922
0.0344026
0.034491
0.0346726
0.0349582
0.0353654
0.0359232
0.0366775
0.0377033
0.0391288
0.0411875
0.0258548
0.0258352
0.0257977
0.0257447
0.0256821
0.0256236
0.0255983
0.0256678
0.0259626
0.0267651
0.0255851
0.0255678
0.0255338
0.0254836
0.025419
0.025345
0.0252724
0.0252215
0.0252248
0.0253146
0.025369
0.025354
0.0253231
0.0252739
0.0252023
0.0251016
0.0249606
0.0247578
0.024448
0.0239237
0.0252088
0.0251977
0.0251732
0.0251307
0.0250616
0.0249512
0.0247749
0.0244914
0.0240306
0.023273
0.0251034
0.0250988
0.0250867
0.0250616
0.0250135
0.0249253
0.0247689
0.0245005
0.0240523
0.0233247
0.0250468
0.0250515
0.0250581
0.0250624
0.0250557
0.0250234
0.024942
0.0247752
0.0244681
0.0239435
0.0250282
0.0250441
0.0250742
0.0251168
0.0251674
0.0252181
0.0252556
0.025258
0.0251899
0.0249958
0.0250333
0.0250607
0.0251153
0.0251988
0.0253127
0.0254587
0.0256384
0.0258516
0.0260917
0.0263345
0.0250473
0.0250841
0.0251593
0.0252777
0.025447
0.0256796
0.0259944
0.0264206
0.0269976
0.0277671
0.0250577
0.0250996
0.0251866
0.0253252
0.0255274
0.025813
0.0262155
0.0267918
0.0276423
0.0289546
0.0154934
0.0154809
0.0154578
0.0154274
0.0153969
0.0153808
0.0154078
0.015535
0.0158787
0.0166843
0.0153561
0.0153434
0.0153189
0.0152841
0.0152425
0.015201
0.0151721
0.0151769
0.0152467
0.0154107
0.0152408
0.0152268
0.0151982
0.0151538
0.0150914
0.0150074
0.0148948
0.0147387
0.0145042
0.0141055
0.0151511
0.0151362
0.0151045
0.0150524
0.0149731
0.0148552
0.0146794
0.0144129
0.0139991
0.0133418
0.0150892
0.0150749
0.015044
0.0149914
0.0149083
0.01478
0.0145832
0.0142814
0.0138195
0.0131169
0.0150538
0.0150425
0.0150174
0.0149736
0.0149027
0.0147909
0.0146169
0.0143489
0.0139411
0.013331
0.0150404
0.0150339
0.0150188
0.0149917
0.0149464
0.0148731
0.0147567
0.0145746
0.0142944
0.0138699
0.0150414
0.0150404
0.0150373
0.0150306
0.0150178
0.0149948
0.0149555
0.0148908
0.0147855
0.0146129
0.0150483
0.0150522
0.0150599
0.0150719
0.0150893
0.0151144
0.0151513
0.015208
0.0152957
0.015424
0.0150539
0.0150605
0.0150746
0.0150979
0.0151338
0.0151889
0.015276
0.0154187
0.0156624
0.0160971
0.00514376
0.00513778
0.00512639
0.00511038
0.00509166
0.00507428
0.00506664
0.00508607
0.00516895
0.00539423
0.00509997
0.00509348
0.0050807
0.00506169
0.00503687
0.00500731
0.0049753
0.00494489
0.00492151
0.00490639
0.00506178
0.00505422
0.00503877
0.00501434
0.00497913
0.00493016
0.00486232
0.00476632
0.0046238
0.00439546
0.00503073
0.00502214
0.00500414
0.00497461
0.0049299
0.00486395
0.00476677
0.00462206
0.00440302
0.00406575
0.00500802
0.00499896
0.00497966
0.00494744
0.00489767
0.0048228
0.00471094
0.00454393
0.00429475
0.0039243
0.0049938
0.00498503
0.00496621
0.0049346
0.00488544
0.00481115
0.0047001
0.00453511
0.00429183
0.00393673
0.00498692
0.00497914
0.00496241
0.00493432
0.00489068
0.00482489
0.00472693
0.00458212
0.00436969
0.00406077
0.00498521
0.00497879
0.00496505
0.00494212
0.00490678
0.004854
0.00477617
0.00466207
0.00449538
0.00425169
0.00498606
0.00498093
0.00497009
0.00495222
0.0049251
0.00488537
0.00482814
0.00474649
0.00463043
0.00446349
0.00498714
0.00498284
0.00497382
0.0049591
0.0049371
0.00490562
0.00486193
0.00480321
0.00472778
0.00463791
0.00926077
0.00921687
0.00916107
0.00909276
0.00901145
0.00891678
0.00880853
0.00868663
0.00855118
0.00840244
0.00970525
0.00966914
0.00961927
0.0095548
0.00947508
0.00937957
0.00926797
0.00914013
0.00899611
0.0088362
0.0106573
0.0106401
0.0106049
0.0105504
0.0104756
0.0103795
0.0102616
0.0101215
0.00995928
0.00977516
0.0122574
0.0122779
0.0122731
0.0122405
0.0121783
0.0120847
0.0119586
0.0117994
0.0116069
0.0113813
0.0147552
0.0148482
0.0149034
0.0149163
0.0148834
0.0148015
0.0146684
0.0144826
0.0142437
0.0139519
0.0185682
0.0187993
0.0189716
0.0190771
0.0191086
0.0190603
0.0189279
0.0187084
0.0184006
0.0180048
0.0243831
0.024878
0.0252789
0.0255701
0.0257379
0.0257711
0.0256615
0.0254035
0.0249946
0.0244353
0.0333278
0.0343333
0.0351829
0.035845
0.0362934
0.0365072
0.0364716
0.0361769
0.035619
0.0347987
0.0472706
0.0492866
0.0510258
0.0524251
0.0534364
0.0540249
0.0541673
0.0538497
0.053067
0.0518218
0.0693686
0.0734542
0.0769694
0.0798063
0.0818989
0.0832079
0.0837105
0.0833953
0.0822588
0.0803061
0.0233635
0.0232063
0.0230264
0.022823
0.0225955
0.0223435
0.0220669
0.0217658
0.0214405
0.0210916
0.0240752
0.0239236
0.0237468
0.0235441
0.0233146
0.0230578
0.0227735
0.0224617
0.0221228
0.0217572
0.0255455
0.0254069
0.0252383
0.0250382
0.0248057
0.0245398
0.0242401
0.0239065
0.0235393
0.0231392
0.0278714
0.0277577
0.0276057
0.0274134
0.0271788
0.0269007
0.0265782
0.026211
0.0257993
0.0253438
0.0312057
0.0311363
0.0310162
0.0308418
0.0306103
0.0303193
0.0299673
0.0295536
0.0290782
0.0285421
0.0357643
0.0357709
0.0357085
0.0355714
0.0353546
0.0350544
0.0346681
0.0341942
0.0336323
0.0329836
0.0418321
0.0419655
0.0420035
0.0419368
0.0417576
0.0414593
0.0410373
0.0404889
0.0398131
0.0390113
0.0497608
0.0500998
0.0503063
0.050365
0.0502629
0.0499895
0.0495368
0.0489002
0.0480778
0.0470711
0.0599455
0.060609
0.0610878
0.0613572
0.061396
0.0611873
0.0607187
0.0599822
0.0589748
0.0576983
0.0727546
0.0739127
0.0748127
0.0754153
0.0756876
0.075604
0.0751455
0.0743007
0.0730648
0.0714402
0.0307745
0.0305312
0.0302657
0.0299776
0.0296667
0.0293327
0.0289759
0.0285964
0.0281946
0.0277712
0.0313807
0.0311378
0.0308713
0.0305806
0.0302653
0.0299254
0.0295608
0.0291718
0.0287588
0.0283223
0.0326097
0.0323683
0.0321003
0.0318047
0.0314812
0.0311295
0.0307494
0.0303411
0.0299052
0.0294423
0.0344944
0.034257
0.033988
0.0336864
0.0333512
0.032982
0.0325786
0.0321412
0.0316701
0.0311662
0.0370825
0.0368536
0.0365861
0.0362783
0.0359291
0.0355375
0.0351032
0.0346261
0.0341066
0.0335458
0.040433
0.0402202
0.0399592
0.0396475
0.0392834
0.0388653
0.0383926
0.0378649
0.0372828
0.0366473
0.0446112
0.0444261
0.0441801
0.0438696
0.0434919
0.0430447
0.0425267
0.0419373
0.041277
0.0405469
0.0496793
0.0495383
0.04932
0.0490193
0.0486321
0.048155
0.0475858
0.0469235
0.0461684
0.0453218
0.0556811
0.0556058
0.0554327
0.0551547
0.0547653
0.0542599
0.053635
0.052889
0.0520218
0.0510351
0.0626209
0.0626372
0.0625309
0.0622916
0.0619105
0.0613807
0.0606973
0.0598576
0.0588613
0.0577103
0.0327897
0.0325135
0.0322196
0.0319078
0.0315781
0.0312307
0.0308657
0.0304834
0.0300843
0.0296689
0.0332199
0.0329418
0.0326452
0.03233
0.0319962
0.0316437
0.0312728
0.0308837
0.030477
0.0300532
0.0340833
0.0338017
0.0335001
0.0331782
0.032836
0.0324734
0.0320907
0.0316881
0.0312661
0.0308252
0.0353858
0.0350993
0.0347905
0.0344588
0.0341043
0.0337267
0.0333263
0.0329033
0.0324582
0.0319916
0.0371345
0.0368424
0.0365246
0.0361805
0.0358099
0.0354126
0.0349886
0.0345383
0.0340621
0.0335607
0.0393361
0.0390382
0.0387103
0.0383517
0.0379617
0.0375401
0.0370869
0.0366023
0.0360869
0.0355413
0.0419942
0.0416914
0.041353
0.0409782
0.040566
0.040116
0.039628
0.0391022
0.0385393
0.0379399
0.0451062
0.0448
0.0444517
0.0440598
0.0436231
0.043141
0.042613
0.0420393
0.0414206
0.0407577
0.0486589
0.0483517
0.0479945
0.0475853
0.0471226
0.0466051
0.0460324
0.0454044
0.0447218
0.0439857
0.0526256
0.0523205
0.0519564
0.0515304
0.0510405
0.0504852
0.0498635
0.0491753
0.0484212
0.0476026
0.0311978
0.0309328
0.0306545
0.030363
0.0300584
0.0297409
0.0294108
0.0290683
0.0287137
0.0283476
0.0314841
0.0312169
0.0309361
0.0306417
0.0303339
0.0300128
0.0296786
0.0293317
0.0289724
0.0286011
0.0320557
0.0317843
0.0314985
0.0311984
0.0308842
0.0305558
0.0302137
0.0298581
0.0294893
0.0291078
0.032911
0.0326333
0.0323402
0.0320317
0.0317079
0.0313688
0.0310148
0.030646
0.030263
0.0298661
0.0340467
0.033761
0.0334584
0.0331388
0.0328024
0.0324491
0.0320793
0.0316932
0.0312912
0.0308739
0.0354576
0.0351622
0.034848
0.034515
0.0341631
0.0337923
0.033403
0.0329953
0.0325697
0.0321269
0.0371354
0.036829
0.0365015
0.0361528
0.0357827
0.0353913
0.0349788
0.0345455
0.0340919
0.0336185
0.0390683
0.0387496
0.0384073
0.0380408
0.0376502
0.0372352
0.0367962
0.0363334
0.0358474
0.0353387
0.0412397
0.0409081
0.0405496
0.0401638
0.0397504
0.0393093
0.0388406
0.0383447
0.0378222
0.0372736
0.043627
0.0432816
0.0429058
0.0424992
0.0420611
0.0415915
0.0410905
0.0405582
0.0399955
0.039403
0.0273674
0.0271393
0.0269016
0.0266543
0.0263976
0.0261317
0.0258567
0.0255731
0.0252809
0.0249806
0.0275532
0.0273234
0.0270838
0.0268345
0.0265755
0.0263072
0.0260297
0.0257433
0.0254483
0.0251449
0.0279235
0.0276903
0.0274469
0.0271935
0.0269301
0.0266571
0.0263745
0.0260827
0.0257819
0.0254725
0.0284754
0.0282372
0.0279882
0.0277287
0.0274588
0.0271787
0.0268885
0.0265886
0.0262793
0.0259608
0.0292047
0.0289598
0.0287035
0.0284361
0.0281575
0.0278681
0.0275679
0.0272573
0.0269366
0.0266061
0.0301052
0.0298522
0.029587
0.0293098
0.0290206
0.0287196
0.0284071
0.0280833
0.0277486
0.0274033
0.031169
0.0309065
0.0306309
0.0303421
0.0300404
0.0297259
0.0293988
0.0290595
0.0287081
0.0283453
0.0323862
0.0321129
0.0318254
0.0315236
0.0312077
0.0308777
0.030534
0.0301768
0.0298065
0.0294235
0.0337443
0.0334592
0.0331585
0.0328422
0.0325104
0.0321632
0.031801
0.0314239
0.0310324
0.0306269
0.0352297
0.0349319
0.034617
0.034285
0.033936
0.0335701
0.0331875
0.0327887
0.0323739
0.0319437
0.0222003
0.0220207
0.0218342
0.021641
0.0214411
0.0212348
0.0210221
0.0208034
0.0205787
0.0203483
0.0223186
0.0221378
0.0219501
0.0217555
0.0215542
0.0213464
0.0211322
0.0209117
0.0206854
0.0204532
0.0225541
0.022371
0.0221808
0.0219835
0.0217794
0.0215686
0.0213512
0.0211275
0.0208977
0.020662
0.0229046
0.022718
0.0225241
0.0223229
0.0221145
0.0218993
0.0216773
0.0214487
0.0212138
0.0209728
0.0233668
0.0231756
0.0229767
0.0227703
0.0225565
0.0223354
0.0221072
0.0218722
0.0216306
0.0213826
0.0239362
0.0237393
0.0235344
0.0233216
0.0231009
0.0228726
0.0226369
0.022394
0.0221441
0.0218874
0.024607
0.0244035
0.0241915
0.0239711
0.0237425
0.0235058
0.0232612
0.0230089
0.0227492
0.0224824
0.0253725
0.0251615
0.0249414
0.0247124
0.0244746
0.0242283
0.0239735
0.0237106
0.0234398
0.0231613
0.0262247
0.0260053
0.0257763
0.0255378
0.02529
0.0250329
0.0247669
0.0244921
0.0242088
0.0239174
0.0271537
0.0269251
0.0266864
0.0264375
0.0261786
0.0259099
0.0256316
0.0253439
0.0250472
0.0247417
0.0162606
0.0161329
0.0160006
0.0158637
0.0157224
0.0155768
0.015427
0.0152731
0.0151153
0.0149537
0.0163328
0.0162044
0.0160713
0.0159336
0.0157914
0.0156449
0.0154942
0.0153394
0.0151806
0.015018
0.0164764
0.0163465
0.0162119
0.0160726
0.0159287
0.0157805
0.0156279
0.0154712
0.0153104
0.0151458
0.0166901
0.016558
0.016421
0.0162793
0.016133
0.0159821
0.0158268
0.0156672
0.0155035
0.0153358
0.0169715
0.0168366
0.0166966
0.0165518
0.0164021
0.0162477
0.0160888
0.0159255
0.015758
0.0155863
0.017318
0.0171795
0.0170359
0.0168871
0.0167333
0.0165747
0.0164114
0.0162435
0.0160712
0.0158946
0.0177259
0.0175832
0.0174352
0.0172819
0.0171233
0.0169597
0.0167912
0.0166179
0.01644
0.0162576
0.0181909
0.0180435
0.0178905
0.017732
0.017568
0.0173987
0.0172243
0.0170448
0.0168605
0.0166716
0.0187081
0.0185555
0.0183969
0.0182326
0.0180625
0.0178869
0.0177058
0.0175195
0.0173282
0.0171319
0.0192727
0.0191144
0.0189498
0.0187792
0.0186025
0.01842
0.0182318
0.018038
0.0178388
0.0176345
0.00989493
0.00981899
0.00974037
0.00965912
0.00957532
0.00948903
0.00940033
0.00930929
0.009216
0.00912055
0.00993379
0.00985745
0.00977841
0.00969673
0.00961248
0.00952573
0.00943655
0.00934501
0.00925121
0.00915523
0.0100111
0.00993396
0.00985409
0.00977156
0.00968641
0.00959873
0.00950859
0.00941607
0.00932126
0.00922423
0.010126
0.0100477
0.00996664
0.00988282
0.00979635
0.0097073
0.00961574
0.00952175
0.00942542
0.00932684
0.0102774
0.0101976
0.0101149
0.0100294
0.00994119
0.00985032
0.00975689
0.00966097
0.00956265
0.00946202
0.0104638
0.010382
0.0102973
0.0102098
0.0101194
0.0100263
0.00993061
0.00983232
0.00973155
0.00962839
0.0106831
0.0105991
0.0105121
0.0104221
0.0103293
0.0102336
0.0101351
0.010034
0.00993037
0.00982425
0.0109331
0.0108466
0.0107569
0.0106642
0.0105684
0.0104697
0.0103682
0.0102639
0.010157
0.0100475
0.0112113
0.011122
0.0110294
0.0109336
0.0108346
0.0107326
0.0106277
0.0105199
0.0104093
0.010296
0.0115143
0.0114219
0.011326
0.0112269
0.0111245
0.0110189
0.0109102
0.0107986
0.010684
0.0105667
0.00331927
0.0032941
0.00326806
0.00324116
0.00321342
0.00318487
0.00315554
0.00312544
0.0030946
0.00306306
0.00333152
0.00330623
0.00328006
0.00325302
0.00322515
0.00319645
0.00316697
0.00313671
0.00310572
0.00307401
0.00335589
0.00333036
0.00330393
0.00327662
0.00324847
0.00321949
0.00318971
0.00315915
0.00312784
0.00309581
0.00339214
0.00336624
0.00333942
0.00331172
0.00328316
0.00325375
0.00322353
0.00319251
0.00316074
0.00312823
0.00343989
0.0034135
0.00338618
0.00335795
0.00332885
0.00329888
0.00326808
0.00323647
0.00320408
0.00317094
0.00349864
0.00347165
0.00344371
0.00341485
0.00338507
0.00335441
0.0033229
0.00329056
0.00325741
0.0032235
0.00356779
0.00354011
0.00351144
0.00348182
0.00345126
0.00341979
0.00338744
0.00335423
0.0033202
0.00328538
0.00364664
0.00361816
0.00358867
0.00355819
0.00352674
0.00349434
0.00346104
0.00342685
0.00339181
0.00335594
0.00373434
0.00370497
0.00367455
0.00364311
0.00361066
0.00357724
0.00354287
0.00350759
0.00347143
0.00343441
0.00383009
0.00379977
0.00376835
0.00373586
0.00370233
0.00366779
0.00363226
0.00359579
0.00355839
0.0035201
0.392322
0.435392
0.469508
0.495658
0.514598
0.526879
0.532861
0.53273
0.526502
0.51402
0.404964
0.448497
0.483004
0.50946
0.528613
0.541003
0.54699
0.546755
0.540313
0.527508
0.405735
0.449266
0.483771
0.510224
0.529371
0.541755
0.547734
0.54749
0.541037
0.528221
0.405848
0.449378
0.483882
0.510334
0.52948
0.541864
0.547842
0.547597
0.541143
0.528325
0.405869
0.449398
0.483902
0.510354
0.5295
0.541884
0.547862
0.547616
0.541162
0.528345
0.405868
0.449398
0.483902
0.510354
0.5295
0.541883
0.547861
0.547616
0.541162
0.528345
0.405856
0.449386
0.48389
0.510341
0.529488
0.541871
0.547849
0.547604
0.54115
0.528333
0.405756
0.449287
0.483792
0.510244
0.529392
0.541776
0.547755
0.547512
0.541059
0.528242
0.405076
0.44861
0.483119
0.509577
0.52873
0.541123
0.547111
0.546878
0.540437
0.527634
0.392726
0.435842
0.470019
0.496242
0.515259
0.527614
0.533664
0.533591
0.527409
0.514962
0.212717
0.22025
0.226599
0.231546
0.23493
0.236633
0.236574
0.234706
0.231008
0.225491
0.230645
0.238306
0.244734
0.249706
0.253053
0.254655
0.254429
0.252324
0.24832
0.242427
0.232547
0.240196
0.246611
0.251567
0.254897
0.256481
0.256234
0.254106
0.250078
0.244159
0.232871
0.240518
0.24693
0.251884
0.255212
0.256793
0.256543
0.254412
0.250381
0.24446
0.232938
0.240585
0.246997
0.25195
0.255278
0.256858
0.256608
0.254477
0.250445
0.244523
0.232945
0.240592
0.247004
0.251957
0.255284
0.256865
0.256614
0.254483
0.250451
0.244529
0.232881
0.240528
0.24694
0.251894
0.255222
0.256802
0.256553
0.254422
0.250391
0.24447
0.232624
0.240273
0.246688
0.251644
0.254975
0.256558
0.256311
0.254183
0.250155
0.244237
0.230949
0.238614
0.245047
0.250022
0.253374
0.25498
0.254758
0.252656
0.248656
0.242767
0.214278
0.221943
0.22846
0.233597
0.237175
0.239062
0.239165
0.237426
0.233822
0.228362
0.132779
0.133867
0.134568
0.134837
0.134636
0.133936
0.132713
0.130955
0.128657
0.125824
0.150266
0.151301
0.151919
0.152076
0.151731
0.150852
0.149418
0.147413
0.144835
0.141687
0.15288
0.153895
0.154492
0.154625
0.154255
0.15335
0.151887
0.149852
0.147242
0.144061
0.153358
0.15437
0.154964
0.155093
0.15472
0.15381
0.152343
0.150305
0.147691
0.144506
0.15345
0.154461
0.155054
0.155183
0.154809
0.153899
0.152432
0.150393
0.147778
0.144593
0.153449
0.15446
0.155053
0.155182
0.154808
0.153899
0.152431
0.150392
0.147778
0.144593
0.153393
0.154404
0.154998
0.155128
0.154754
0.153844
0.152377
0.150338
0.147724
0.144538
0.152971
0.153986
0.154584
0.154717
0.154348
0.153443
0.15198
0.149946
0.147337
0.144157
0.150738
0.151777
0.1524
0.152561
0.15222
0.151346
0.149916
0.147915
0.145341
0.142197
0.134674
0.135871
0.136721
0.137166
0.137152
0.136632
0.135571
0.133947
0.13175
0.128984
0.0914989
0.0912411
0.0908322
0.0902624
0.0895237
0.0886098
0.0875168
0.0862427
0.0847882
0.0831561
0.106916
0.106547
0.106011
0.105298
0.1044
0.103309
0.102021
0.100536
0.0988527
0.0969756
0.109766
0.109374
0.108814
0.108075
0.10715
0.10603
0.104714
0.103198
0.101484
0.099574
0.110353
0.109957
0.109393
0.10865
0.10772
0.106596
0.105275
0.103754
0.102034
0.100119
0.110483
0.110086
0.109521
0.108777
0.107846
0.106721
0.105399
0.103877
0.102156
0.10024
0.110495
0.110099
0.109533
0.10879
0.107858
0.106734
0.105411
0.103889
0.102168
0.100252
0.110372
0.109976
0.109411
0.108669
0.107739
0.106615
0.105294
0.103773
0.102054
0.10014
0.109912
0.10952
0.10896
0.108221
0.107296
0.106176
0.104859
0.103343
0.101628
0.0997182
0.107441
0.107075
0.106543
0.105834
0.104939
0.103852
0.102569
0.101088
0.0994093
0.0975366
0.0933391
0.0931278
0.0927957
0.0923257
0.0916996
0.0909006
0.0899157
0.0887364
0.0873598
0.0857874
0.0667511
0.0662784
0.0657408
0.0651361
0.0644625
0.0637191
0.0629054
0.0620215
0.0610686
0.0600482
0.0795494
0.0789642
0.0783054
0.0775706
0.0767581
0.0758669
0.0748965
0.0738473
0.0727205
0.0715179
0.0824117
0.0818033
0.0811201
0.0803598
0.0795207
0.0786016
0.0776023
0.0765232
0.0753654
0.0741307
0.0830235
0.082411
0.0817236
0.0809591
0.0801155
0.079192
0.0781881
0.0771043
0.0759416
0.0747021
0.0831472
0.0825341
0.0818461
0.0810809
0.0802367
0.0793126
0.0783082
0.0772237
0.0760605
0.0748205
0.0831459
0.0825327
0.0818447
0.0810796
0.0802355
0.0793115
0.0783073
0.0772231
0.0760602
0.0748204
0.0830706
0.082458
0.0817705
0.0810058
0.0801619
0.0792381
0.0782337
0.0771494
0.0759862
0.074746
0.0825331
0.0819248
0.0812419
0.080482
0.0796433
0.0787249
0.0777262
0.0766478
0.0754908
0.0742571
0.0801329
0.0795495
0.0788924
0.0781595
0.077349
0.0764596
0.0754911
0.0744438
0.0733187
0.0721178
0.0685299
0.0680553
0.0675319
0.0669553
0.0663201
0.065621
0.0648535
0.0640151
0.0631047
0.0621232
0.0495267
0.0491066
0.0486554
0.0481729
0.0476588
0.0471132
0.0465362
0.0459283
0.0452902
0.0446227
0.0597486
0.0592344
0.0586838
0.0580967
0.0574727
0.056812
0.0561148
0.0553818
0.0546136
0.0538115
0.06229
0.0617554
0.0611838
0.060575
0.0599286
0.0592449
0.0585241
0.0577669
0.056974
0.0561465
0.062888
0.0623495
0.0617739
0.0611609
0.0605102
0.059822
0.0590966
0.0583345
0.0575367
0.0567042
0.0630264
0.0624872
0.0619109
0.061297
0.0606454
0.0599562
0.0592298
0.0584666
0.0576677
0.0568339
0.0630404
0.0625012
0.0619248
0.0613108
0.0606591
0.0599697
0.059243
0.0584796
0.0576803
0.0568462
0.0629082
0.0623697
0.0617943
0.0611814
0.0605309
0.059843
0.059118
0.0583563
0.057559
0.056727
0.062445
0.0619103
0.0613386
0.0607294
0.0600828
0.0593986
0.0586773
0.0579194
0.0571258
0.0562975
0.0602757
0.0597619
0.0592122
0.0586259
0.058003
0.0573435
0.0566477
0.0559161
0.0551496
0.0543492
0.0513436
0.0509011
0.0504321
0.0499368
0.049415
0.0488665
0.0482912
0.0476889
0.04706
0.046405
0.036103
0.0357873
0.0354551
0.0351066
0.0347418
0.0343609
0.0339642
0.033552
0.0331249
0.0326832
0.0437789
0.0433926
0.0429868
0.0425616
0.0421172
0.0416538
0.0411718
0.0406716
0.0401537
0.0396187
0.0459336
0.0455305
0.0451073
0.044664
0.0442007
0.0437178
0.0432157
0.0426947
0.0421554
0.0415984
0.0464448
0.0460386
0.045612
0.0451653
0.0446986
0.0442122
0.0437064
0.0431817
0.0426386
0.0420778
0.046553
0.0461463
0.0457192
0.045272
0.0448048
0.0443179
0.0438117
0.0432865
0.042743
0.0421818
0.0465519
0.0461451
0.0457181
0.045271
0.0448039
0.0443172
0.0438111
0.0432862
0.0427429
0.042182
0.0464863
0.0460799
0.0456532
0.0452063
0.0447393
0.0442525
0.0437463
0.0432211
0.0426775
0.0421161
0.0460391
0.0456361
0.045213
0.04477
0.044307
0.0438245
0.0433228
0.0428024
0.0422636
0.0417073
0.0442728
0.0438861
0.0434798
0.043054
0.042609
0.0421449
0.0416621
0.0411611
0.0406423
0.0401064
0.0378533
0.0375147
0.0371579
0.0367841
0.0363948
0.0359917
0.0355758
0.0351484
0.03471
0.0342613
0.0246935
0.0244805
0.0242583
0.0240272
0.0237873
0.0235387
0.0232817
0.0230164
0.0227432
0.0224623
0.0300569
0.0297955
0.0295231
0.0292398
0.0289457
0.0286412
0.0283264
0.0280016
0.0276672
0.0273235
0.0316291
0.0313559
0.0310712
0.0307754
0.0304685
0.0301508
0.0298225
0.029484
0.0291356
0.0287776
0.0320309
0.0317551
0.0314679
0.0311694
0.0308597
0.0305391
0.0302078
0.0298662
0.0295146
0.0291534
0.0321272
0.031851
0.0315632
0.031264
0.0309537
0.0306324
0.0303004
0.029958
0.0296056
0.0292435
0.032137
0.0318607
0.0315729
0.0312736
0.0309631
0.0306417
0.0303095
0.0299669
0.0296143
0.0292519
0.0320455
0.0317699
0.0314827
0.0311843
0.0308748
0.0305544
0.0302234
0.0298821
0.0295309
0.02917
0.0317363
0.0314629
0.0311781
0.0308819
0.0305746
0.0302565
0.0299277
0.0295886
0.0292396
0.0288809
0.03042
0.030158
0.0298851
0.0296013
0.0293068
0.0290017
0.0286865
0.0283614
0.0280266
0.0276825
0.0261939
0.0259651
0.0257231
0.0254693
0.0252051
0.024932
0.0246515
0.0243645
0.0240719
0.023774
0.0144357
0.0143138
0.0141871
0.0140558
0.0139199
0.0137796
0.0136349
0.0134861
0.0133331
0.0131763
0.0175716
0.017422
0.0172667
0.0171057
0.0169393
0.0167675
0.0165906
0.0164085
0.0162216
0.0160301
0.0185599
0.0184029
0.0182399
0.018071
0.0178963
0.0177159
0.0175301
0.017339
0.0171427
0.0169415
0.0188085
0.01865
0.0184854
0.0183149
0.0181386
0.0179566
0.0177691
0.0175763
0.0173782
0.0171752
0.0188627
0.018704
0.0185392
0.0183685
0.0181919
0.0180097
0.017822
0.0176289
0.0174307
0.0172275
0.0188623
0.0187036
0.0185389
0.0183682
0.0181917
0.0180096
0.017822
0.0176291
0.017431
0.017228
0.0188289
0.0186704
0.0185057
0.0183351
0.0181586
0.0179764
0.0177887
0.0175955
0.0173972
0.0171939
0.0186129
0.018456
0.0182931
0.0181243
0.0179497
0.0177695
0.0175839
0.0173931
0.0171971
0.0169962
0.0178172
0.0176669
0.0175109
0.0173491
0.0171818
0.0170091
0.0168311
0.0166479
0.0164599
0.016267
0.0154301
0.0152994
0.0151608
0.015015
0.0148628
0.0147054
0.0145435
0.014378
0.0142093
0.0140377
0.00474974
0.00471016
0.00466911
0.00462663
0.00458274
0.00453749
0.00449092
0.00444305
0.00439395
0.00434365
0.00578993
0.00574127
0.0056908
0.00563855
0.00558456
0.00552888
0.00547156
0.00541265
0.00535221
0.0052903
0.00611624
0.00606519
0.00601228
0.00595753
0.005901
0.00584272
0.00578275
0.00572114
0.00565795
0.00559325
0.00620252
0.00615095
0.00609749
0.00604217
0.00598504
0.00592614
0.00586553
0.00580327
0.0057394
0.005674
0.00622352
0.00617184
0.00611825
0.00606279
0.00600551
0.00594646
0.00588567
0.00582323
0.00575917
0.00569356
0.0062256
0.00617391
0.0061203
0.00606481
0.00600749
0.00594839
0.00588756
0.00582505
0.00576092
0.00569524
0.00620588
0.00615432
0.00610088
0.0060456
0.00598852
0.00592969
0.00586916
0.00580699
0.00574322
0.00567793
0.00613946
0.00608837
0.00603539
0.00598056
0.00592392
0.00586551
0.0058054
0.00574363
0.00568027
0.00561536
0.00586932
0.00582047
0.0057698
0.00571737
0.00566319
0.00560733
0.00554983
0.00549073
0.0054301
0.00536799
0.00509397
0.00505125
0.00500598
0.00495838
0.00490875
0.00485739
0.00480459
0.00475057
0.0046955
0.00463946
0.0056099
0.00597921
0.00570801
0.00532569
0.00492144
0.00455647
0.00426739
0.00406664
0.00394304
0.00386506
0.00487843
0.00479264
0.00466305
0.00444386
0.00416115
0.00387014
0.00362102
0.00344209
0.00333423
0.00327235
0.00407674
0.00388259
0.00362331
0.00334849
0.00307017
0.00281134
0.00259968
0.00245431
0.00237529
0.00233975
0.00364769
0.00336904
0.0029594
0.00253446
0.00214401
0.00182274
0.00159119
0.001454
0.00139735
0.00138876
0.00348979
0.00316922
0.00265746
0.00210311
0.00158823
0.00117161
0.000883957
0.000727072
0.000676334
0.000685807
0.00352962
0.00320797
0.00266687
0.0020603
0.00148419
0.00101173
0.000683826
0.000505917
0.000450606
0.000464747
0.00370652
0.00341841
0.0029265
0.0023684
0.00183304
0.00138946
0.00107748
0.000903892
0.000844349
0.000849767
0.00396607
0.00374143
0.0033742
0.00296733
0.00258264
0.00226532
0.00203944
0.00190695
0.00184992
0.00183526
0.00426283
0.00412907
0.00395093
0.00378074
0.00363786
0.00352851
0.00344908
0.0033907
0.00334378
0.00330089
0.0045658
0.00454775
0.00459872
0.00471323
0.00486279
0.00500734
0.0051088
0.0051437
0.00511138
0.00503546
0.0176061
0.0187109
0.0178494
0.0166303
0.0153401
0.0141747
0.0132519
0.0126129
0.0122239
0.0119842
0.0155851
0.0154401
0.0151445
0.0145485
0.0137392
0.0128879
0.0121471
0.0116023
0.0112589
0.0110468
0.013493
0.013136
0.0126471
0.0121074
0.0115238
0.0109419
0.0104292
0.0100396
0.00978484
0.00962301
0.0125024
0.0119908
0.0112585
0.0105236
0.00985687
0.00929827
0.00886905
0.00857294
0.00839139
0.00827981
0.0122808
0.0117222
0.0108622
0.00996938
0.00916523
0.0085215
0.00806287
0.00777613
0.00762024
0.00753543
0.0126221
0.0121163
0.0112903
0.0103966
0.00956798
0.0088922
0.00840619
0.00810149
0.00793548
0.00784414
0.0133679
0.0129976
0.0123724
0.0116776
0.0110164
0.0104588
0.0100369
0.00974799
0.00956242
0.00943316
0.0143809
0.0142196
0.0139546
0.0136616
0.0133747
0.0131115
0.0128758
0.0126625
0.0124634
0.0122706
0.0155398
0.0156637
0.0159045
0.0161854
0.0164437
0.0166207
0.0166745
0.0165903
0.0163864
0.016111
0.0167435
0.0172371
0.0180843
0.0190364
0.0199308
0.0206254
0.0210243
0.0210986
0.020894
0.0205244
0.0277451
0.0289114
0.0273698
0.0253805
0.0233546
0.0215675
0.0201797
0.0192409
0.0186916
0.0183754
0.0254229
0.0250783
0.0244501
0.0234395
0.0221973
0.0209553
0.0199026
0.0191358
0.018648
0.0183382
0.0231358
0.0226894
0.0221225
0.0215379
0.0209236
0.0203053
0.0197351
0.0192595
0.0188925
0.0186037
0.0222832
0.0217899
0.0212489
0.0208344
0.0205319
0.0202918
0.0200655
0.0198246
0.019563
0.0192898
0.0224165
0.0219877
0.0215765
0.0213409
0.0212541
0.0212383
0.0212046
0.0210888
0.0208729
0.020588
0.0232714
0.0230041
0.022843
0.0228691
0.0230194
0.0231906
0.0232785
0.0232148
0.0229909
0.0226618
0.0246739
0.0246424
0.0248362
0.0252172
0.0256672
0.0260502
0.0262522
0.0262146
0.0259521
0.0255508
0.0264747
0.0267496
0.0273989
0.0282282
0.0290483
0.0296844
0.0300151
0.0299985
0.0296811
0.0291866
0.0285211
0.0291965
0.0304173
0.0317851
0.0330327
0.0339508
0.0344187
0.0344192
0.0340361
0.0334341
0.0306599
0.0318662
0.0337618
0.0357202
0.0374148
0.0386168
0.0392166
0.0392266
0.0387685
0.0380489
0.0338949
0.0339772
0.0319234
0.0296518
0.0275166
0.0257319
0.0244003
0.0235277
0.0230323
0.0227573
0.0330225
0.0323056
0.0311506
0.0297719
0.0283738
0.0271359
0.0261595
0.0254642
0.0250028
0.0246783
0.0324037
0.0319588
0.0314112
0.0309161
0.0304776
0.0300803
0.0297023
0.0293234
0.0289345
0.0285389
0.0327077
0.0325266
0.0326234
0.0329973
0.0334963
0.03394
0.0341773
0.0341299
0.0338134
0.0333317
0.0335997
0.0336946
0.034417
0.035603
0.0369497
0.0381341
0.0389006
0.0391267
0.0388535
0.0382753
0.0349294
0.0352988
0.0365594
0.038395
0.0403853
0.0421066
0.0432361
0.0436305
0.0433583
0.0426829
0.0366634
0.0372957
0.0389616
0.0412084
0.0435501
0.0455219
0.046787
0.0472109
0.046889
0.0461221
0.0387711
0.039671
0.0416194
0.0440353
0.0464189
0.0483315
0.049483
0.0497844
0.0493586
0.0485084
0.0411633
0.0423885
0.04457
0.0469779
0.049146
0.0507292
0.0515455
0.0515886
0.0510112
0.050086
0.0436873
0.0453685
0.0478066
0.0501089
0.0518966
0.0529735
0.0533104
0.053007
0.0522453
0.0512478
0.0347636
0.0321066
0.0307191
0.0298861
0.0294619
0.0292863
0.0292099
0.0291235
0.0289786
0.0287864
0.0381344
0.0371184
0.035633
0.0344941
0.0338551
0.0335983
0.0335114
0.0334073
0.0331896
0.0328705
0.0418792
0.0417407
0.0415021
0.0413597
0.0413985
0.0415529
0.0416627
0.0415744
0.0412286
0.0406969
0.0444145
0.0449891
0.0461785
0.0476411
0.0491016
0.0502907
0.0509927
0.0511017
0.0506668
0.0498975
0.0461075
0.0471676
0.0495184
0.0524728
0.0554226
0.0578258
0.059315
0.059767
0.0593218
0.0583498
0.0473219
0.0486657
0.0517389
0.055665
0.0596334
0.0629124
0.0650054
0.0657465
0.065321
0.0642133
0.048456
0.0499281
0.0532367
0.0574309
0.0616519
0.0651303
0.0673456
0.0681264
0.0676717
0.0664947
0.0497938
0.0512954
0.0543994
0.0581588
0.0618132
0.0647185
0.0664669
0.0669523
0.0663738
0.0651817
0.0514176
0.0529257
0.0555234
0.0582989
0.0607087
0.0623792
0.0631416
0.0630271
0.0622326
0.0610673
0.0532205
0.0548012
0.0567682
0.0582524
0.059013
0.0590454
0.0585032
0.0576011
0.056531
0.0554153
0.0309629
0.0238617
0.0258216
0.0297848
0.0343551
0.0385065
0.0415724
0.0432775
0.0437525
0.0434881
0.0417876
0.0410438
0.0401513
0.0407083
0.0425736
0.0449451
0.0469876
0.0481667
0.0483777
0.0479384
0.0524167
0.0531572
0.0537804
0.0544349
0.0553675
0.0564644
0.0573683
0.0577333
0.0574352
0.0566622
0.0574298
0.0592318
0.0617848
0.0642648
0.0663809
0.0679224
0.06873
0.0687363
0.0680306
0.0668895
0.0590275
0.061311
0.0652242
0.0694831
0.0733069
0.076125
0.0776429
0.0778566
0.0770273
0.0756191
0.058786
0.0611216
0.0656113
0.0708524
0.0758108
0.0796546
0.081903
0.082486
0.081716
0.0801918
0.0579239
0.0600527
0.0643609
0.0695305
0.0745229
0.0784709
0.0808426
0.0815226
0.0808019
0.0792879
0.0572035
0.0589761
0.0624486
0.0665108
0.0703396
0.0732739
0.0749264
0.0752334
0.0744389
0.0730237
0.0568949
0.0582248
0.0603703
0.0625005
0.0641759
0.0651403
0.065326
0.0648218
0.0638219
0.0625692
0.0568828
0.0577323
0.0582877
0.0580192
0.0569646
0.0553931
0.0536654
0.0520872
0.0508011
0.0497485
0.0274574
0.0158218
0.0244648
0.0368752
0.0497124
0.0606829
0.0684431
0.0725937
0.073649
0.072895
0.0464879
0.0470813
0.048322
0.0524001
0.0585881
0.0650829
0.0702313
0.0731143
0.073721
0.0728751
0.0633629
0.0655259
0.0675293
0.069339
0.0714165
0.0736242
0.0754065
0.0762217
0.0758927
0.0747542
0.0689002
0.071963
0.0754839
0.0782216
0.0800704
0.081089
0.0813345
0.0808502
0.0797438
0.0782574
0.0683438
0.0714649
0.0758253
0.0798081
0.0827766
0.0844492
0.0848473
0.0841985
0.0828416
0.0811485
0.065062
0.0677528
0.072142
0.0766893
0.0805187
0.0830628
0.0841265
0.0838522
0.0826179
0.0809095
0.0612089
0.0632923
0.0670432
0.0711943
0.074901
0.0775434
0.0788233
0.0787783
0.0777213
0.0761323
0.057895
0.059318
0.0618801
0.0646727
0.0671031
0.0687479
0.0694106
0.0691252
0.0681155
0.0667224
0.0553781
0.0560749
0.0569866
0.0576237
0.0578033
0.0574923
0.0567734
0.0557877
0.0546749
0.0535287
0.0533685
0.0532189
0.0521827
0.0502031
0.0475705
0.0447463
0.0421985
0.0402429
0.0389404
0.0380753
0.0326319
0.020236
0.0366875
0.0578767
0.0787235
0.0958929
0.107585
0.113448
0.114469
0.112714
0.0537562
0.0565753
0.0610593
0.0692461
0.0797585
0.0899706
0.0976547
0.101709
0.10232
0.100803
0.0695883
0.0729107
0.0760214
0.0786789
0.0815006
0.0843624
0.0866118
0.0876095
0.0871632
0.0857041
0.0712125
0.0744985
0.0775027
0.0790487
0.0793967
0.0789846
0.078136
0.0769955
0.0756187
0.0740847
0.0665834
0.0692218
0.0719308
0.0734505
0.0736474
0.0727659
0.0712404
0.0694971
0.0678167
0.0662746
0.0601409
0.0619525
0.0641185
0.0656352
0.0661992
0.0658119
0.0647156
0.0632587
0.0617436
0.0603103
0.0541394
0.0552306
0.0567059
0.0578824
0.0584688
0.0583711
0.0576794
0.0565993
0.0553542
0.0540931
0.049399
0.049898
0.0505101
0.0508605
0.0508075
0.0503328
0.0495204
0.0485085
0.04743
0.0463612
0.0458398
0.0457466
0.0452431
0.0442788
0.0429534
0.0414511
0.0399774
0.0386912
0.0376501
0.0367878
0.0429293
0.0420986
0.0402601
0.0376812
0.0347173
0.0318124
0.0293652
0.0276082
0.0265348
0.025896
0.0469757
0.0411322
0.0603425
0.0833166
0.105082
0.122456
0.133817
0.138993
0.139123
0.136394
0.056528
0.0606815
0.0670058
0.0765212
0.0876761
0.0979583
0.105352
0.108959
0.109108
0.10717
0.0596137
0.0622503
0.0647165
0.0668553
0.0691905
0.071595
0.0734854
0.0742967
0.0738573
0.0725378
0.0544411
0.0559699
0.0565341
0.0557638
0.0542017
0.0524397
0.0508527
0.0495446
0.0484424
0.0474246
0.0473466
0.0480108
0.0475611
0.0457703
0.0430529
0.0400195
0.0372626
0.0351679
0.0338123
0.0329574
0.0408924
0.0409785
0.0400795
0.0381475
0.0355031
0.0326243
0.0300101
0.0280253
0.0267733
0.0260395
0.0358235
0.0355998
0.0345713
0.0328117
0.0305813
0.0282353
0.0261323
0.0245298
0.0234947
0.022858
0.0320953
0.0317036
0.0306185
0.0289901
0.0270555
0.0251011
0.0233913
0.0220973
0.0212436
0.0206871
0.0293315
0.0287593
0.0275131
0.025827
0.0239425
0.0221207
0.0205815
0.0194484
0.0187135
0.0182335
0.0270475
0.0261654
0.0246344
0.0227655
0.0207876
0.0189486
0.0174503
0.0163929
0.0157447
0.015347
0.0398157
0.0429333
0.0522701
0.0631141
0.0732835
0.0812939
0.0863462
0.0883239
0.0877565
0.0857193
0.0313869
0.0330531
0.0360353
0.0404652
0.045533
0.0501049
0.0532977
0.0547349
0.054594
0.053516
0.0233195
0.0232044
0.0232346
0.0235567
0.0242357
0.0251046
0.0258567
0.0262259
0.0261215
0.0256756
0.0183148
0.0176317
0.0163423
0.0147951
0.0132798
0.0120272
0.0111429
0.0106051
0.0103085
0.0101227
0.0151909
0.0144461
0.0128265
0.0107094
0.00845613
0.00641853
0.00485955
0.0038932
0.00346203
0.00335453
0.0130904
0.0124294
0.0109336
0.00892607
0.00674058
0.00471859
0.00313539
0.00213451
0.00168747
0.00159039
0.0115579
0.0110055
0.00977923
0.00813654
0.00634395
0.00467705
0.00336064
0.00251506
0.00212152
0.00201598
0.0103824
0.00991708
0.0089561
0.0077032
0.00635442
0.00510804
0.00412219
0.00347822
0.00315833
0.0030432
0.00943878
0.00901355
0.00825764
0.00734206
0.0063962
0.0055414
0.00486843
0.00441851
0.0041725
0.00405217
0.00861678
0.00816888
0.00757171
0.00696639
0.0064038
0.00592386
0.00555046
0.00528668
0.00511312
0.00499079
0.00425437
0.00106129
0.000259711
6.35107e-05
1.54659e-05
3.7453e-06
9.02403e-07
2.16685e-07
5.24883e-08
1.53003e-08
0.00433614
0.00106749
0.000260289
6.358e-05
1.54759e-05
3.74691e-06
9.02687e-07
2.16737e-07
5.24986e-08
1.53027e-08
0.00450405
0.00107993
0.000261442
6.37181e-05
1.54958e-05
3.75014e-06
9.03256e-07
2.16843e-07
5.25192e-08
1.53075e-08
0.00476722
0.00109867
0.00026316
6.39238e-05
1.55254e-05
3.75496e-06
9.04106e-07
2.17002e-07
5.255e-08
1.53148e-08
0.00514023
0.00112381
0.000265432
6.41955e-05
1.55647e-05
3.76135e-06
9.05235e-07
2.17213e-07
5.25911e-08
1.53244e-08
0.0056441
0.00115545
0.00026824
6.45312e-05
1.56132e-05
3.76928e-06
9.06636e-07
2.17475e-07
5.26423e-08
1.53364e-08
0.00630733
0.00119368
0.000271563
6.4928e-05
1.56708e-05
3.77869e-06
9.08304e-07
2.17788e-07
5.27035e-08
1.53509e-08
0.00716637
0.00123858
0.000275373
6.53829e-05
1.57369e-05
3.78955e-06
9.10231e-07
2.18149e-07
5.27746e-08
1.53678e-08
0.00826404
0.00129007
0.000279638
6.58923e-05
1.58113e-05
3.80179e-06
9.12408e-07
2.18559e-07
5.28554e-08
1.5387e-08
0.00964263
0.00134791
0.000284318
6.6452e-05
1.58935e-05
3.81536e-06
9.14826e-07
2.19015e-07
5.29456e-08
1.54086e-08
0.0115495
0.00301221
0.000748037
0.000183821
4.48398e-05
1.08653e-05
2.61852e-06
6.28812e-07
1.52324e-07
4.44027e-08
0.011716
0.00302762
0.00074962
0.000184018
4.48686e-05
1.087e-05
2.61935e-06
6.28965e-07
1.52354e-07
4.44097e-08
0.0120526
0.00305841
0.000752773
0.000184411
4.49258e-05
1.08794e-05
2.621e-06
6.29273e-07
1.52414e-07
4.44238e-08
0.0125663
0.00310451
0.000757472
0.000184995
4.50112e-05
1.08933e-05
2.62346e-06
6.29733e-07
1.52503e-07
4.44448e-08
0.0132671
0.00316577
0.000763676
0.000185768
4.51242e-05
1.09118e-05
2.62673e-06
6.30345e-07
1.52623e-07
4.44728e-08
0.0141675
0.00324197
0.000771333
0.000186721
4.52641e-05
1.09347e-05
2.6308e-06
6.31106e-07
1.52771e-07
4.45079e-08
0.0152814
0.00333275
0.000780378
0.000187849
4.54299e-05
1.0962e-05
2.63563e-06
6.32012e-07
1.52949e-07
4.455e-08
0.0166215
0.00343757
0.000790729
0.000189142
4.56206e-05
1.09934e-05
2.64122e-06
6.33062e-07
1.53156e-07
4.4599e-08
0.0181964
0.00355565
0.000802293
0.000190589
4.58349e-05
1.10288e-05
2.64753e-06
6.34251e-07
1.5339e-07
4.4655e-08
0.0200055
0.00368591
0.000814961
0.00019218
4.60716e-05
1.10681e-05
2.65454e-06
6.35574e-07
1.53652e-07
4.47176e-08
0.0163689
0.00452357
0.00114954
0.000284894
6.97113e-05
1.69115e-05
4.0774e-06
9.79302e-07
2.37241e-07
6.91577e-08
0.0165431
0.00454317
0.0011518
0.00028519
6.97554e-05
1.69188e-05
4.07868e-06
9.79541e-07
2.37288e-07
6.91686e-08
0.0168923
0.00458226
0.00115629
0.00028578
6.98434e-05
1.69333e-05
4.08125e-06
9.8002e-07
2.37381e-07
6.91904e-08
0.0174183
0.00464057
0.00116298
0.000286659
6.99746e-05
1.69549e-05
4.08508e-06
9.80737e-07
2.37521e-07
6.92232e-08
0.0181228
0.00471771
0.00117181
0.00028782
7.01483e-05
1.69835e-05
4.09017e-06
9.8169e-07
2.37706e-07
6.92669e-08
0.0190075
0.00481312
0.0011827
0.000289254
7.03632e-05
1.70191e-05
4.09648e-06
9.82875e-07
2.37938e-07
6.93215e-08
0.0200725
0.00492605
0.00119556
0.00029095
7.06181e-05
1.70613e-05
4.104e-06
9.84287e-07
2.38215e-07
6.93871e-08
0.0213157
0.00505552
0.00121025
0.000292893
7.09112e-05
1.711e-05
4.11269e-06
9.85922e-07
2.38537e-07
6.94637e-08
0.0227308
0.00520033
0.00122666
0.00029507
7.12407e-05
1.71649e-05
4.1225e-06
9.87773e-07
2.38902e-07
6.95509e-08
0.0243066
0.00535902
0.00124462
0.000297463
7.16046e-05
1.72258e-05
4.1334e-06
9.89833e-07
2.3931e-07
6.96486e-08
0.0186035
0.00545634
0.00142389
0.000356643
8.76236e-05
2.12898e-05
5.13601e-06
1.23383e-06
2.98926e-07
8.71419e-08
0.018751
0.00547626
0.00142646
0.000357001
8.76783e-05
2.12989e-05
5.13762e-06
1.23413e-06
2.98984e-07
8.71557e-08
0.0190454
0.00551592
0.00143157
0.000357712
8.77872e-05
2.1317e-05
5.14085e-06
1.23473e-06
2.99102e-07
8.71832e-08
0.0194857
0.005575
0.00143918
0.000358772
8.79497e-05
2.13441e-05
5.14567e-06
1.23564e-06
2.99278e-07
8.72244e-08
0.0200702
0.00565297
0.00144923
0.000360173
8.81648e-05
2.138e-05
5.15207e-06
1.23684e-06
2.99512e-07
8.72795e-08
0.0207957
0.00574914
0.00146161
0.000361904
8.8431e-05
2.14245e-05
5.16001e-06
1.23833e-06
2.99804e-07
8.73483e-08
0.021658
0.00586262
0.00147622
0.00036395
8.87467e-05
2.14773e-05
5.16946e-06
1.24011e-06
3.00153e-07
8.74311e-08
0.0226507
0.00599233
0.00149292
0.000366296
8.91098e-05
2.15383e-05
5.18038e-06
1.24217e-06
3.00558e-07
8.75276e-08
0.0237651
0.00613698
0.00151156
0.000368924
8.95181e-05
2.16071e-05
5.19272e-06
1.2445e-06
3.01019e-07
8.76376e-08
0.0249901
0.0062951
0.00153198
0.000371814
8.99691e-05
2.16833e-05
5.20642e-06
1.24709e-06
3.01533e-07
8.77608e-08
0.0186639
0.00578127
0.00154922
0.000392437
9.68551e-05
2.35743e-05
5.69097e-06
1.36749e-06
3.31342e-07
9.65955e-08
0.0187772
0.00579923
0.00155179
0.000392815
9.69145e-05
2.35843e-05
5.69275e-06
1.36783e-06
3.31407e-07
9.66107e-08
0.019003
0.00583499
0.0015569
0.000393568
9.7033e-05
2.36043e-05
5.69632e-06
1.3685e-06
3.31537e-07
9.66411e-08
0.0193395
0.0058882
0.00156451
0.000394691
9.72097e-05
2.3634e-05
5.70165e-06
1.3695e-06
3.31732e-07
9.66868e-08
0.0197842
0.00595837
0.00157456
0.000396174
9.74436e-05
2.36735e-05
5.70872e-06
1.37083e-06
3.31991e-07
9.67477e-08
0.0203334
0.00604482
0.00158694
0.000398006
9.77331e-05
2.37225e-05
5.7175e-06
1.37248e-06
3.32315e-07
9.6824e-08
0.0209823
0.00614672
0.00160156
0.000400173
9.80765e-05
2.37806e-05
5.72795e-06
1.37445e-06
3.32702e-07
9.69158e-08
0.0217247
0.00626305
0.00161827
0.000402659
9.84716e-05
2.38477e-05
5.74003e-06
1.37673e-06
3.33151e-07
9.70228e-08
0.0225532
0.00639266
0.00163693
0.000405444
9.89159e-05
2.39234e-05
5.75367e-06
1.37931e-06
3.33661e-07
9.71449e-08
0.0234591
0.00653424
0.00165737
0.000408508
9.94068e-05
2.40073e-05
5.76882e-06
1.38219e-06
3.34231e-07
9.72815e-08
0.0170717
0.00554101
0.00152117
0.00038953
9.65722e-05
2.35477e-05
5.68852e-06
1.36727e-06
3.31321e-07
9.65934e-08
0.0171541
0.00555595
0.0015235
0.000389892
9.66304e-05
2.35577e-05
5.6903e-06
1.3676e-06
3.31386e-07
9.66086e-08
0.0173181
0.00558569
0.00152816
0.000390612
9.67467e-05
2.35775e-05
5.69386e-06
1.36827e-06
3.31516e-07
9.66389e-08
0.0175622
0.00562995
0.00153508
0.000391686
9.69201e-05
2.3607e-05
5.69917e-06
1.36927e-06
3.31711e-07
9.66845e-08
0.0178842
0.00568828
0.00154422
0.000393105
9.71495e-05
2.36462e-05
5.70623e-06
1.3706e-06
3.3197e-07
9.67454e-08
0.0182809
0.00576012
0.00155549
0.000394859
9.74337e-05
2.36948e-05
5.71499e-06
1.37225e-06
3.32294e-07
9.68217e-08
0.0187484
0.00584478
0.00156878
0.000396934
9.77707e-05
2.37525e-05
5.72541e-06
1.37422e-06
3.3268e-07
9.69134e-08
0.019282
0.00594141
0.001584
0.000399314
9.81586e-05
2.38191e-05
5.73745e-06
1.3765e-06
3.33129e-07
9.70205e-08
0.0198761
0.00604906
0.00160099
0.000401982
9.85948e-05
2.38942e-05
5.75106e-06
1.37908e-06
3.3364e-07
9.71426e-08
0.0205245
0.00616668
0.00161962
0.000404919
9.90769e-05
2.39775e-05
5.76617e-06
1.38195e-06
3.3421e-07
9.72792e-08
0.0142962
0.00481816
0.00135003
0.000349016
8.68822e-05
2.12202e-05
5.1296e-06
1.23324e-06
2.98871e-07
8.71365e-08
0.0143534
0.00482972
0.00135197
0.00034933
8.69339e-05
2.12291e-05
5.1312e-06
1.23354e-06
2.9893e-07
8.71501e-08
0.0144672
0.00485272
0.00135584
0.000349955
8.70369e-05
2.12468e-05
5.1344e-06
1.23414e-06
2.99047e-07
8.71775e-08
0.0146365
0.00488694
0.0013616
0.000350887
8.71907e-05
2.12733e-05
5.13919e-06
1.23504e-06
2.99223e-07
8.72185e-08
0.0148596
0.00493205
0.0013692
0.000352118
8.73942e-05
2.13084e-05
5.14554e-06
1.23624e-06
2.99456e-07
8.72733e-08
0.0151342
0.00498761
0.00137857
0.00035364
8.76462e-05
2.1352e-05
5.15342e-06
1.23773e-06
2.99748e-07
8.73421e-08
0.0154577
0.00505309
0.00138964
0.000355441
8.79452e-05
2.14037e-05
5.1628e-06
1.23951e-06
3.00097e-07
8.74248e-08
0.0158265
0.00512784
0.00140231
0.000357509
8.82893e-05
2.14634e-05
5.17364e-06
1.24156e-06
3.00502e-07
8.75215e-08
0.016237
0.00521115
0.00141647
0.000359827
8.86764e-05
2.15307e-05
5.18588e-06
1.24389e-06
3.00962e-07
8.76317e-08
0.0166847
0.00530222
0.001432
0.000362379
8.91043e-05
2.16053e-05
5.19948e-06
1.24648e-06
3.01476e-07
8.7755e-08
0.0107139
0.00371415
0.00105731
0.00027543
6.87936e-05
1.68254e-05
4.06947e-06
9.78573e-07
2.37173e-07
6.91507e-08
0.0107511
0.00372229
0.00105875
0.000275672
6.88341e-05
1.68325e-05
4.07074e-06
9.78812e-07
2.3722e-07
6.91615e-08
0.010825
0.0037385
0.00106163
0.000276152
6.89147e-05
1.68465e-05
4.07328e-06
9.7929e-07
2.37313e-07
6.91831e-08
0.0109349
0.00376261
0.00106592
0.000276869
6.9035e-05
1.68674e-05
4.07707e-06
9.80005e-07
2.37452e-07
6.92156e-08
0.0110797
0.0037944
0.00107158
0.000277817
6.91943e-05
1.68951e-05
4.0821e-06
9.80955e-07
2.37637e-07
6.92591e-08
0.011258
0.00383356
0.00107857
0.000278988
6.93916e-05
1.69294e-05
4.08834e-06
9.82136e-07
2.37869e-07
6.93136e-08
0.0114679
0.00387972
0.00108682
0.000280374
6.96256e-05
1.69702e-05
4.09577e-06
9.83545e-07
2.38146e-07
6.93793e-08
0.0117072
0.00393244
0.00109626
0.000281966
6.9895e-05
1.70173e-05
4.10435e-06
9.85175e-07
2.38467e-07
6.9456e-08
0.0119736
0.00399122
0.00110682
0.000283751
7.01981e-05
1.70704e-05
4.11405e-06
9.8702e-07
2.38832e-07
6.95436e-08
0.0122642
0.0040555
0.0011184
0.000285717
7.05332e-05
1.71293e-05
4.12482e-06
9.89075e-07
2.3924e-07
6.96415e-08
0.00661709
0.00233731
0.00067257
0.000176134
4.40964e-05
1.07957e-05
2.61211e-06
6.28221e-07
1.52269e-07
4.43968e-08
0.00663792
0.00234213
0.000673459
0.000176286
4.41221e-05
1.08001e-05
2.61292e-06
6.28374e-07
1.52298e-07
4.44037e-08
0.00667937
0.00235173
0.000675229
0.000176588
4.41734e-05
1.08091e-05
2.61455e-06
6.28681e-07
1.52358e-07
4.44175e-08
0.00674101
0.00236601
0.000677865
0.000177038
4.42499e-05
1.08225e-05
2.61698e-06
6.29141e-07
1.52447e-07
4.44383e-08
0.00682223
0.00238484
0.000681344
0.000177633
4.43511e-05
1.08402e-05
2.62021e-06
6.2975e-07
1.52566e-07
4.44662e-08
0.0069222
0.00240803
0.000685638
0.000178369
4.44766e-05
1.08621e-05
2.62421e-06
6.30509e-07
1.52715e-07
4.45012e-08
0.0070399
0.00243538
0.00069071
0.000179241
4.46254e-05
1.08883e-05
2.62898e-06
6.31413e-07
1.52893e-07
4.45434e-08
0.00717414
0.00246663
0.000696517
0.000180241
4.47967e-05
1.09184e-05
2.63448e-06
6.32459e-07
1.53099e-07
4.45928e-08
0.00732357
0.00250148
0.000703012
0.000181363
4.49895e-05
1.09523e-05
2.6407e-06
6.33644e-07
1.53334e-07
4.46491e-08
0.00748668
0.0025396
0.000710141
0.0001826
4.52026e-05
1.099e-05
2.6476e-06
6.34963e-07
1.53596e-07
4.47122e-08
0.00223594
0.0007972
0.000230649
6.05664e-05
1.51817e-05
3.71868e-06
8.99949e-07
2.16457e-07
5.24668e-08
1.52979e-08
0.00224264
0.000798794
0.000230949
6.0618e-05
1.51905e-05
3.72022e-06
9.00231e-07
2.16511e-07
5.2477e-08
1.53003e-08
0.00225598
0.000801968
0.000231545
6.0721e-05
1.52081e-05
3.7233e-06
9.00793e-07
2.16616e-07
5.24974e-08
1.53049e-08
0.00227582
0.000806692
0.000232434
6.08745e-05
1.52343e-05
3.7279e-06
9.01632e-07
2.16775e-07
5.25281e-08
1.5312e-08
0.00230197
0.000812921
0.000233606
6.10774e-05
1.5269e-05
3.734e-06
9.02744e-07
2.16985e-07
5.25691e-08
1.53216e-08
0.00233414
0.000820596
0.000235054
6.13282e-05
1.5312e-05
3.74155e-06
9.04124e-07
2.17247e-07
5.26203e-08
1.53336e-08
0.00237203
0.000829645
0.000236763
6.16252e-05
1.53631e-05
3.75053e-06
9.05766e-07
2.17559e-07
5.26816e-08
1.53482e-08
0.00241526
0.000839985
0.000238721
6.19662e-05
1.54218e-05
3.76089e-06
9.07663e-07
2.17919e-07
5.27529e-08
1.53654e-08
0.00246337
0.00085152
0.000240911
6.23488e-05
1.54879e-05
3.77257e-06
9.09805e-07
2.18328e-07
5.28337e-08
1.53851e-08
0.00251591
0.000864143
0.000243315
6.27703e-05
1.5561e-05
3.78551e-06
9.12183e-07
2.18783e-07
5.2924e-08
1.5407e-08
0.0247289
0.00191893
0.000329621
7.18856e-05
1.6695e-05
3.94835e-06
9.38587e-07
2.23505e-07
5.38372e-08
1.56222e-08
0.0271921
0.00226509
0.000389554
8.30919e-05
1.88612e-05
4.37514e-06
1.02377e-06
2.40728e-07
5.74244e-08
1.65209e-08
0.0275641
0.00236774
0.000415482
8.92964e-05
2.02922e-05
4.69719e-06
1.09521e-06
2.56346e-07
6.08564e-08
1.74468e-08
0.0276407
0.00239697
0.000424744
9.19342e-05
2.09901e-05
4.87085e-06
1.13709e-06
2.66338e-07
6.31441e-08
1.80682e-08
0.0276574
0.0024046
0.000427542
9.2841e-05
2.1266e-05
4.94575e-06
1.15444e-06
2.70479e-07
6.42351e-08
1.83571e-08
0.0276584
0.00240512
0.00042773
9.28892e-05
2.12959e-05
4.96498e-06
1.15869e-06
2.70058e-07
6.3986e-08
1.83309e-08
0.027646
0.00239968
0.000425735
9.2201e-05
2.1074e-05
4.91474e-06
1.15159e-06
2.67836e-07
6.27882e-08
1.78962e-08
0.0275902
0.00237842
0.000418893
9.02135e-05
2.05093e-05
4.76049e-06
1.11704e-06
2.61446e-07
6.12675e-08
1.73205e-08
0.0273503
0.00230558
0.00039934
8.53601e-05
1.9361e-05
4.49161e-06
1.05444e-06
2.479e-07
5.85864e-08
1.66753e-08
0.0262897
0.00206106
0.000351272
7.59148e-05
1.74858e-05
4.11709e-06
9.78614e-07
2.32684e-07
5.57206e-08
1.60872e-08
0.0381966
0.00495092
0.000937416
0.000207621
4.83813e-05
1.14531e-05
2.72344e-06
6.48604e-07
1.56239e-07
4.53368e-08
0.0437776
0.00589594
0.0011082
0.000239931
5.4652e-05
1.26905e-05
2.97055e-06
6.98577e-07
1.6665e-07
4.79453e-08
0.0447999
0.0061889
0.00118299
0.000257893
5.88003e-05
1.36246e-05
3.17785e-06
7.43895e-07
1.76609e-07
5.06336e-08
0.0450193
0.00627324
0.0012098
0.000265541
6.08247e-05
1.41283e-05
3.29936e-06
7.72899e-07
1.83247e-07
5.24354e-08
0.0450678
0.00629535
0.00121791
0.000268172
6.16266e-05
1.43457e-05
3.3496e-06
7.84897e-07
1.86414e-07
5.32748e-08
0.0450706
0.00629684
0.00121845
0.000268309
6.17138e-05
1.4402e-05
3.36198e-06
7.83669e-07
1.85683e-07
5.31977e-08
0.0450346
0.00628107
0.00121267
0.00026631
6.10685e-05
1.42559e-05
3.34132e-06
7.77267e-07
1.82234e-07
5.19357e-08
0.0448744
0.00621964
0.00119285
0.000260549
5.94317e-05
1.38087e-05
3.24079e-06
7.58587e-07
1.77823e-07
5.02777e-08
0.0442042
0.0060108
0.00113637
0.000246488
5.61013e-05
1.30292e-05
3.05945e-06
7.19302e-07
1.70026e-07
4.84023e-08
0.0416487
0.00533767
0.000999183
0.000219249
5.0674e-05
1.19428e-05
2.83928e-06
6.75174e-07
1.61725e-07
4.66967e-08
0.039724
0.00689173
0.00141822
0.000320698
7.51568e-05
1.78226e-05
4.24053e-06
1.01012e-06
2.4334e-07
7.06118e-08
0.0466755
0.0082488
0.00167631
0.000370435
8.48778e-05
1.97462e-05
4.62511e-06
1.08793e-06
2.59558e-07
7.46759e-08
0.0481591
0.00869266
0.00179149
0.00039828
9.13258e-05
2.12e-05
4.94792e-06
1.15849e-06
2.75064e-07
7.88668e-08
0.0484929
0.0088227
0.00183308
0.000410172
9.44761e-05
2.19837e-05
5.1371e-06
1.20369e-06
2.85401e-07
8.16683e-08
0.0485676
0.00885699
0.00184568
0.000414271
9.57276e-05
2.23222e-05
5.21503e-06
1.22233e-06
2.90338e-07
8.29781e-08
0.0485717
0.0088593
0.00184651
0.000414475
9.5865e-05
2.24114e-05
5.23448e-06
1.22039e-06
2.89179e-07
8.28556e-08
0.0485168
0.00883485
0.00183752
0.000411356
9.48565e-05
2.21831e-05
5.20214e-06
1.21052e-06
2.8387e-07
8.08901e-08
0.0482708
0.00873985
0.00180676
0.000402401
9.23125e-05
2.14877e-05
5.04497e-06
1.1811e-06
2.77e-07
7.83373e-08
0.0472736
0.00842087
0.00171954
0.000380575
8.71318e-05
2.02755e-05
4.76332e-06
1.12001e-06
2.64822e-07
7.54092e-08
0.0437526
0.00744016
0.00151158
0.000338625
7.87203e-05
1.85854e-05
4.42022e-06
1.05134e-06
2.51926e-07
7.27552e-08
0.0368447
0.00781936
0.00172933
0.000399892
9.43726e-05
2.24307e-05
5.3411e-06
1.27265e-06
3.06611e-07
8.89729e-08
0.0439732
0.00938396
0.00204273
0.000461614
0.000106545
2.48484e-05
5.82518e-06
1.37065e-06
3.27047e-07
9.40955e-08
0.0457025
0.00992462
0.00218578
0.000496483
0.000114648
2.66781e-05
6.2318e-06
1.45953e-06
3.4658e-07
9.93803e-08
0.0461116
0.0100863
0.00223788
0.000511432
0.000118612
2.76644e-05
6.47007e-06
1.5165e-06
3.59606e-07
1.02905e-07
0.046205
0.0101293
0.00225371
0.000516596
0.000120192
2.80909e-05
6.56795e-06
1.53992e-06
3.65825e-07
1.0456e-07
0.0462104
0.0101322
0.00225473
0.000516843
0.000120367
2.82047e-05
6.59271e-06
1.53752e-06
3.64347e-07
1.04399e-07
0.0461409
0.0101015
0.00224344
0.000512908
0.000119093
2.79156e-05
6.55139e-06
1.52522e-06
3.57774e-07
1.0193e-07
0.0458378
0.00998298
0.00220486
0.000501653
0.000115897
2.7042e-05
6.35256e-06
1.48762e-06
3.49099e-07
9.87565e-08
0.0446385
0.00959026
0.00209614
0.000474275
0.000109379
2.55169e-05
5.99884e-06
1.4108e-06
3.33709e-07
9.50544e-08
0.04055
0.00843672
0.00184245
0.000422175
9.88484e-05
2.33913e-05
5.56657e-06
1.32438e-06
3.17489e-07
9.17089e-08
0.0321886
0.00789874
0.00185509
0.000438293
0.000104201
2.48299e-05
5.91771e-06
1.4105e-06
3.39861e-07
9.86236e-08
0.0387677
0.00948802
0.00218919
0.000505565
0.000117598
2.75021e-05
6.45366e-06
1.51909e-06
3.62513e-07
1.04303e-07
0.0405456
0.0100663
0.00234523
0.000543944
0.000126552
2.95277e-05
6.9042e-06
1.61757e-06
3.84158e-07
1.10165e-07
0.0409855
0.0102429
0.00240259
0.00056047
0.000130941
3.06197e-05
7.1682e-06
1.68073e-06
3.98602e-07
1.14066e-07
0.0410874
0.0102903
0.00242008
0.000566191
0.000132695
3.10924e-05
7.27645e-06
1.70664e-06
4.05488e-07
1.15907e-07
0.0410931
0.0102935
0.00242119
0.000566452
0.00013289
3.12195e-05
7.30423e-06
1.70411e-06
4.0384e-07
1.15718e-07
0.0410179
0.0102597
0.00240872
0.00056209
0.000131475
3.0897e-05
7.25739e-06
1.69059e-06
3.96713e-07
1.12998e-07
0.0406882
0.0101296
0.00236616
0.000549647
0.000127945
2.99324e-05
7.03621e-06
1.64826e-06
3.87055e-07
1.09531e-07
0.0394175
0.00970461
0.00224708
0.000519459
0.000120733
2.82444e-05
6.64547e-06
1.56332e-06
3.69947e-07
1.05411e-07
0.0351633
0.00850467
0.00197505
0.000462607
0.000109143
2.58941e-05
6.16664e-06
1.46763e-06
3.51983e-07
1.01696e-07
0.0267646
0.00730076
0.00179994
0.000433478
0.000103787
2.47943e-05
5.91466e-06
1.41025e-06
3.39839e-07
9.86198e-08
0.0323913
0.00876835
0.00212173
0.000499628
0.000117087
2.74583e-05
6.44991e-06
1.51878e-06
3.62488e-07
1.043e-07
0.03405
0.00932703
0.00227528
0.000537731
0.000126011
2.94811e-05
6.90024e-06
1.61723e-06
3.84126e-07
1.10164e-07
0.0344776
0.00950116
0.00233227
0.000554209
0.000130394
3.05719e-05
7.16411e-06
1.68039e-06
3.98577e-07
1.1406e-07
0.0345786
0.00954819
0.00234969
0.000559927
0.000132151
3.10447e-05
7.27222e-06
1.70624e-06
4.05449e-07
1.15908e-07
0.0345845
0.00955137
0.00235077
0.000560177
0.000132345
3.11722e-05
7.30038e-06
1.70392e-06
4.03803e-07
1.15708e-07
0.0345091
0.00951775
0.00233834
0.000555818
0.000130931
3.08472e-05
7.25218e-06
1.69049e-06
3.96855e-07
1.1301e-07
0.0341869
0.009389
0.00229599
0.000543407
0.000127413
2.98871e-05
7.03034e-06
1.64746e-06
3.87137e-07
1.09592e-07
0.0329673
0.00897355
0.0021783
0.000513381
0.000120215
2.82015e-05
6.64093e-06
1.56275e-06
3.69987e-07
1.05456e-07
0.0289498
0.00783727
0.00191454
0.000457396
0.000108707
2.58575e-05
6.16265e-06
1.46719e-06
3.52025e-07
1.0173e-07
0.020994
0.00618089
0.0015824
0.000387209
9.32856e-05
2.23373e-05
5.33309e-06
1.27199e-06
3.06555e-07
8.8963e-08
0.0254614
0.00741803
0.00186325
0.000445981
0.000105203
2.47337e-05
5.81537e-06
1.36984e-06
3.26982e-07
9.40881e-08
0.0268734
0.00790697
0.00199977
0.000480126
0.00011323
2.65562e-05
6.22143e-06
1.45863e-06
3.46496e-07
9.93792e-08
0.0272493
0.00806199
0.00205085
0.000494951
0.000117178
2.75391e-05
6.45936e-06
1.51561e-06
3.59543e-07
1.0289e-07
0.0273392
0.00810415
0.00206652
0.000500106
0.000118765
2.79658e-05
6.55685e-06
1.53888e-06
3.65725e-07
1.04563e-07
0.0273443
0.00810701
0.00206747
0.000500322
0.000118939
2.80808e-05
6.5826e-06
1.53703e-06
3.64251e-07
1.0437e-07
0.0272777
0.00807686
0.0020563
0.000496396
0.000117664
2.77852e-05
6.5377e-06
1.52495e-06
3.58151e-07
1.01963e-07
0.0269917
0.00796177
0.00201825
0.000485224
0.000114503
2.69234e-05
6.3371e-06
1.48551e-06
3.49317e-07
9.89211e-08
0.0259304
0.00759431
0.0019132
0.000458273
0.00010802
2.54045e-05
5.98691e-06
1.40931e-06
3.33815e-07
9.51756e-08
0.0224894
0.00661288
0.0016814
0.000408451
9.77057e-05
2.32956e-05
5.55607e-06
1.3232e-06
3.17603e-07
9.18022e-08
0.0150625
0.00467616
0.00123066
0.00030485
7.38084e-05
1.77071e-05
4.23063e-06
1.00931e-06
2.43271e-07
7.05991e-08
0.0182806
0.00560724
0.00144771
0.000350914
8.32139e-05
1.96044e-05
4.61298e-06
1.08693e-06
2.59478e-07
7.46668e-08
0.0193506
0.00598592
0.00155477
0.000377861
8.95675e-05
2.10491e-05
4.93511e-06
1.15738e-06
2.74961e-07
7.8867e-08
0.019643
0.00610762
0.0015951
0.000389601
9.2697e-05
2.18284e-05
5.12384e-06
1.2026e-06
2.85324e-07
8.16498e-08
0.0197138
0.00614092
0.0016075
0.00039369
9.39578e-05
2.21673e-05
5.20123e-06
1.22103e-06
2.90214e-07
8.2982e-08
0.019718
0.00614318
0.00160824
0.000393854
9.40952e-05
2.22582e-05
5.22195e-06
1.21978e-06
2.89058e-07
8.28201e-08
0.019665
0.00611935
0.0015994
0.000390744
9.30846e-05
2.20216e-05
5.18509e-06
1.2102e-06
2.84351e-07
8.09324e-08
0.019442
0.00602872
0.00156931
0.000381894
9.05845e-05
2.13413e-05
5.02563e-06
1.17842e-06
2.7728e-07
7.85479e-08
0.0186231
0.0057416
0.00148664
0.000360594
8.54467e-05
2.01369e-05
4.74847e-06
1.1181e-06
2.64958e-07
7.5566e-08
0.0160038
0.00498708
0.00130636
0.000321482
7.73036e-05
1.8467e-05
4.40708e-06
1.04986e-06
2.52082e-07
7.28777e-08
0.00905795
0.00290792
0.000779256
0.000194635
4.72862e-05
1.13595e-05
2.71543e-06
6.47954e-07
1.56184e-07
4.53261e-08
0.0109933
0.00348436
0.000916054
0.00022395
5.33009e-05
1.25755e-05
2.96073e-06
6.97772e-07
1.66588e-07
4.79379e-08
0.0116593
0.0037234
0.000984218
0.000241183
5.73725e-05
1.35024e-05
3.1675e-06
7.42991e-07
1.76526e-07
5.06359e-08
0.0118443
0.00380095
0.00101002
0.000248709
5.93801e-05
1.40023e-05
3.28862e-06
7.72024e-07
1.83186e-07
5.24203e-08
0.0118894
0.00382224
0.00101796
0.000251334
6.01907e-05
1.42201e-05
3.33832e-06
7.83834e-07
1.86314e-07
5.32775e-08
0.011892
0.00382368
0.00101843
0.000251435
6.0278e-05
1.42782e-05
3.35181e-06
7.83169e-07
1.85583e-07
5.31687e-08
0.0118585
0.00380845
0.00101276
0.000249442
5.96302e-05
1.41251e-05
3.32736e-06
7.77007e-07
1.82642e-07
5.19712e-08
0.0117166
0.00375057
0.000993491
0.000243767
5.80299e-05
1.36905e-05
3.22487e-06
7.5633e-07
1.78062e-07
5.04566e-08
0.0112011
0.00356819
0.000940721
0.000230132
5.47341e-05
1.29175e-05
3.04732e-06
7.17695e-07
1.70141e-07
4.85377e-08
0.00956353
0.00309349
0.00082652
0.000205207
4.95244e-05
1.18472e-05
2.82846e-06
6.73936e-07
1.61868e-07
4.68046e-08
0.00302213
0.000986116
0.000266629
6.68742e-05
1.62755e-05
3.91256e-06
9.35532e-07
2.2326e-07
5.38168e-08
1.56178e-08
0.0036675
0.00118111
0.000313322
7.69297e-05
1.83438e-05
4.33122e-06
1.02002e-06
2.40423e-07
5.7402e-08
1.65182e-08
0.00389334
0.00126277
0.000336708
8.28553e-05
1.97453e-05
4.65045e-06
1.09127e-06
2.55999e-07
6.08254e-08
1.74493e-08
0.00395664
0.00128938
0.000345582
8.54472e-05
2.04366e-05
4.82253e-06
1.13298e-06
2.66009e-07
6.31219e-08
1.80627e-08
0.00397215
0.0012967
0.000348314
8.63526e-05
2.07168e-05
4.8976e-06
1.15004e-06
2.70062e-07
6.41982e-08
1.83582e-08
0.00397305
0.0012972
0.000348469
8.63846e-05
2.07469e-05
4.91785e-06
1.15475e-06
2.69845e-07
6.39437e-08
1.83201e-08
0.00396149
0.00129196
0.000346522
8.5698e-05
2.05234e-05
4.8648e-06
1.14621e-06
2.67729e-07
6.29463e-08
1.7909e-08
0.00391293
0.00127208
0.00033989
8.37439e-05
1.9973e-05
4.71547e-06
1.11087e-06
2.60545e-07
6.13595e-08
1.73911e-08
0.00373699
0.00120958
0.000321761
7.9053e-05
1.88377e-05
4.44913e-06
1.04977e-06
2.47259e-07
5.86312e-08
1.67297e-08
0.00317861
0.00104759
0.000282669
7.04971e-05
1.70455e-05
4.08059e-06
9.74424e-07
2.32199e-07
5.5781e-08
1.61315e-08
0.00709999
0.00140282
0.000300694
7.00345e-05
1.66365e-05
3.98557e-06
9.55873e-07
2.28536e-07
5.51893e-08
1.60801e-08
0.00651614
0.00133465
0.000295345
6.94288e-05
1.65508e-05
3.971e-06
9.53237e-07
2.28204e-07
5.51864e-08
1.60887e-08
0.00545343
0.00126953
0.000290388
6.888e-05
1.64716e-05
3.95751e-06
9.51096e-07
2.27989e-07
5.51876e-08
1.60913e-08
0.00417026
0.00120817
0.000285895
6.83907e-05
1.63998e-05
3.94549e-06
9.49378e-07
2.27846e-07
5.51889e-08
1.60898e-08
0.0030148
0.00115265
0.000281927
6.79629e-05
1.63363e-05
3.93513e-06
9.48025e-07
2.27751e-07
5.51886e-08
1.60855e-08
0.00217034
0.001105
0.00027854
6.75991e-05
1.6282e-05
3.92651e-06
9.46985e-07
2.27688e-07
5.51865e-08
1.60795e-08
0.00164209
0.00106652
0.000275777
6.73025e-05
1.62376e-05
3.91967e-06
9.46214e-07
2.27647e-07
5.5183e-08
1.6073e-08
0.00135568
0.00103774
0.000273675
6.70763e-05
1.62037e-05
3.9146e-06
9.45674e-07
2.2762e-07
5.51787e-08
1.6067e-08
0.00123123
0.00101874
0.000272258
6.69234e-05
1.6181e-05
3.91128e-06
9.45334e-07
2.27602e-07
5.51746e-08
1.60624e-08
0.0012013
0.00100937
0.000271544
6.68463e-05
1.61695e-05
3.90965e-06
9.4517e-07
2.27593e-07
5.51717e-08
1.60597e-08
0.0190714
0.00390845
0.000863713
0.000202625
4.82297e-05
1.15606e-05
2.77382e-06
6.63416e-07
1.6019e-07
4.66543e-08
0.0176675
0.00375042
0.00084936
0.000200922
4.79824e-05
1.15187e-05
2.76652e-06
6.62478e-07
1.60159e-07
4.66688e-08
0.0150576
0.00359314
0.000836025
0.000199373
4.77548e-05
1.14804e-05
2.76039e-06
6.61797e-07
1.6014e-07
4.66721e-08
0.0119497
0.00344121
0.000823889
0.000197987
4.75494e-05
1.14462e-05
2.75535e-06
6.61301e-07
1.60125e-07
4.66666e-08
0.00917362
0.00330143
0.000813128
0.000196773
4.73684e-05
1.14168e-05
2.75127e-06
6.60938e-07
1.6011e-07
4.66551e-08
0.00712489
0.00317975
0.000803903
0.00019574
4.72142e-05
1.13922e-05
2.74806e-06
6.60674e-07
1.60094e-07
4.66402e-08
0.00576183
0.00308
0.000796351
0.000194899
4.70886e-05
1.13726e-05
2.74561e-06
6.60481e-07
1.60077e-07
4.66244e-08
0.00489401
0.00300419
0.000790585
0.00019426
4.69935e-05
1.13579e-05
2.74384e-06
6.60341e-07
1.60059e-07
4.66101e-08
0.00437217
0.00295328
0.00078669
0.00019383
4.693e-05
1.13483e-05
2.74267e-06
6.60241e-07
1.60044e-07
4.65991e-08
0.00412586
0.00292777
0.000784723
0.000193615
4.6899e-05
1.13436e-05
2.74205e-06
6.60173e-07
1.60032e-07
4.6593e-08
0.0263819
0.00577629
0.00132264
0.0003138
7.4966e-05
1.79907e-05
4.31902e-06
1.0334e-06
2.49555e-07
7.26646e-08
0.0247579
0.00558676
0.00130262
0.00031126
7.45852e-05
1.79263e-05
4.30799e-06
1.03194e-06
2.4948e-07
7.26787e-08
0.0218289
0.00539493
0.00128403
0.000308948
7.42357e-05
1.78674e-05
4.29864e-06
1.03085e-06
2.49427e-07
7.26782e-08
0.0183935
0.00520754
0.0012671
0.000306878
7.39209e-05
1.78151e-05
4.29085e-06
1.03003e-06
2.49384e-07
7.26664e-08
0.0153132
0.00503319
0.00125207
0.000305065
7.36443e-05
1.777e-05
4.28449e-06
1.0294e-06
2.49344e-07
7.2647e-08
0.0129536
0.00487932
0.00123916
0.000303524
7.34092e-05
1.77322e-05
4.27941e-06
1.02893e-06
2.49306e-07
7.26236e-08
0.0112188
0.00475102
0.00122858
0.000302271
7.32185e-05
1.77021e-05
4.27547e-06
1.02857e-06
2.49269e-07
7.25997e-08
0.00990707
0.00465162
0.00122047
0.000301319
7.30747e-05
1.76796e-05
4.27256e-06
1.0283e-06
2.49235e-07
7.25785e-08
0.00892966
0.00458357
0.00121499
0.000300682
7.29794e-05
1.76647e-05
4.2706e-06
1.0281e-06
2.49204e-07
7.25625e-08
0.00835527
0.00454888
0.00121222
0.000300366
7.29339e-05
1.76575e-05
4.26951e-06
1.02795e-06
2.49179e-07
7.25535e-08
0.0282914
0.00685721
0.00163184
0.000392453
9.42025e-05
2.26443e-05
5.44008e-06
1.3022e-06
3.14504e-07
9.15581e-08
0.0269256
0.00667689
0.0016096
0.000389414
9.37308e-05
2.25642e-05
5.42651e-06
1.30035e-06
3.1438e-07
9.15674e-08
0.0246722
0.00649515
0.001589
0.000386649
9.32986e-05
2.24913e-05
5.41492e-06
1.29893e-06
3.14287e-07
9.15612e-08
0.022093
0.00631799
0.00157027
0.000384175
9.29103e-05
2.24265e-05
5.40517e-06
1.29783e-06
3.1421e-07
9.15431e-08
0.0197499
0.00615256
0.00155367
0.000382008
9.25699e-05
2.23705e-05
5.39714e-06
1.29698e-06
3.14142e-07
9.15171e-08
0.0178379
0.00600506
0.00153943
0.000380169
9.22812e-05
2.23236e-05
5.39066e-06
1.29632e-06
3.1408e-07
9.14875e-08
0.0162414
0.00588017
0.00152774
0.000378675
9.20476e-05
2.22862e-05
5.38559e-06
1.29581e-06
3.14022e-07
9.14581e-08
0.0148297
0.00578166
0.0015188
0.000377542
9.18718e-05
2.22582e-05
5.38181e-06
1.29542e-06
3.1397e-07
9.14324e-08
0.0136236
0.00571302
0.00151274
0.000376785
9.17559e-05
2.22396e-05
5.37922e-06
1.29512e-06
3.13926e-07
9.14131e-08
0.0128407
0.00567747
0.00150967
0.000376412
9.17011e-05
2.22306e-05
5.37776e-06
1.29491e-06
3.1389e-07
9.14021e-08
0.0257785
0.0071388
0.00176784
0.000431374
0.000104094
2.50694e-05
6.02755e-06
1.44347e-06
3.48667e-07
1.01486e-07
0.0248719
0.00698654
0.00174607
0.000428182
0.000103581
2.49819e-05
6.01282e-06
1.4414e-06
3.48499e-07
1.01488e-07
0.0236272
0.00683687
0.001726
0.00042528
0.000103112
2.49023e-05
6.00014e-06
1.43978e-06
3.4837e-07
1.01476e-07
0.0222793
0.00669357
0.00170784
0.000422685
0.000102691
2.48316e-05
5.9894e-06
1.4385e-06
3.48262e-07
1.01453e-07
0.0210329
0.00656077
0.00169181
0.000420416
0.000102323
2.47705e-05
5.98047e-06
1.43749e-06
3.48168e-07
1.01423e-07
0.0199115
0.00644213
0.00167809
0.000418491
0.000102012
2.47193e-05
5.97322e-06
1.4367e-06
3.48084e-07
1.01389e-07
0.018814
0.00634083
0.00166685
0.00041693
0.000101761
2.46784e-05
5.96751e-06
1.43607e-06
3.48009e-07
1.01357e-07
0.0176911
0.00625999
0.00165827
0.000415749
0.000101572
2.46478e-05
5.96321e-06
1.43559e-06
3.47944e-07
1.0133e-07
0.0166308
0.00620299
0.00165246
0.00041496
0.000101447
2.46275e-05
5.96026e-06
1.43522e-06
3.4789e-07
1.01309e-07
0.0158988
0.00617315
0.00164953
0.000414574
0.000101389
2.46176e-05
5.95858e-06
1.43497e-06
3.47846e-07
1.01297e-07
0.0208163
0.00670917
0.0017279
0.000427694
0.000103755
2.50364e-05
6.02462e-06
1.4434e-06
3.48697e-07
1.0148e-07
0.0203
0.00658834
0.00170841
0.000424659
0.000103251
2.495e-05
6.01017e-06
1.44133e-06
3.48503e-07
1.01474e-07
0.0198342
0.00647428
0.00169055
0.000421902
0.000102792
2.48716e-05
5.99764e-06
1.43966e-06
3.48348e-07
1.01456e-07
0.0194262
0.00636861
0.00167448
0.000419439
0.00010238
2.48019e-05
5.98696e-06
1.43833e-06
3.48219e-07
1.0143e-07
0.01905
0.00627284
0.00166037
0.000417288
0.000102021
2.47417e-05
5.97803e-06
1.43726e-06
3.48108e-07
1.01398e-07
0.0186369
0.00618831
0.00164834
0.000415465
0.000101718
2.46913e-05
5.97072e-06
1.43641e-06
3.4801e-07
1.01365e-07
0.0181181
0.0061165
0.00163854
0.000413989
0.000101474
2.4651e-05
5.96493e-06
1.43573e-06
3.47925e-07
1.01333e-07
0.0174917
0.00605925
0.00163106
0.000412874
0.00010129
2.46207e-05
5.96055e-06
1.43521e-06
3.47853e-07
1.01306e-07
0.0168407
0.00601884
0.00162603
0.00041213
0.00010117
2.46007e-05
5.95753e-06
1.43481e-06
3.47793e-07
1.01286e-07
0.0163657
0.00599762
0.00162349
0.000411767
0.000101114
2.45909e-05
5.95582e-06
1.43454e-06
3.47747e-07
1.01274e-07
0.0151447
0.00571404
0.00152644
0.00038279
9.33134e-05
2.25576e-05
5.43242e-06
1.30208e-06
3.14597e-07
9.15422e-08
0.014845
0.00562158
0.00151035
0.000380167
9.28657e-05
2.24805e-05
5.41963e-06
1.3002e-06
3.144e-07
9.15297e-08
0.0147509
0.005538
0.00149569
0.000377786
9.24585e-05
2.24106e-05
5.40846e-06
1.29867e-06
3.1424e-07
9.15089e-08
0.0147824
0.00546366
0.00148257
0.00037566
9.2095e-05
2.23487e-05
5.39888e-06
1.29742e-06
3.14105e-07
9.14821e-08
0.0148364
0.00539858
0.00147111
0.000373806
9.17782e-05
2.22952e-05
5.39082e-06
1.2964e-06
3.13989e-07
9.14519e-08
0.0148335
0.00534278
0.0014614
0.000372236
9.1511e-05
2.22503e-05
5.38418e-06
1.29559e-06
3.13889e-07
9.14211e-08
0.0147404
0.0052965
0.00145351
0.000370967
9.12959e-05
2.22144e-05
5.3789e-06
1.29493e-06
3.13803e-07
9.13925e-08
0.0145682
0.00526034
0.00144753
0.000370009
9.11349e-05
2.21875e-05
5.37489e-06
1.29442e-06
3.1373e-07
9.13684e-08
0.014353
0.00523523
0.00144351
0.000369371
9.10296e-05
2.21697e-05
5.37211e-06
1.29404e-06
3.13672e-07
9.13504e-08
0.0141797
0.00522214
0.0014415
0.00036906
9.09807e-05
2.2161e-05
5.37053e-06
1.29378e-06
3.13628e-07
9.13397e-08
0.00982856
0.00431765
0.00119042
0.000301792
7.38635e-05
1.78827e-05
4.30956e-06
1.03336e-06
2.49707e-07
7.26491e-08
0.00961215
0.00425069
0.00117844
0.000299779
7.35124e-05
1.78221e-05
4.29958e-06
1.03187e-06
2.49534e-07
7.26332e-08
0.00959326
0.00419209
0.00116757
0.000297951
7.31938e-05
1.77673e-05
4.29082e-06
1.03063e-06
2.4939e-07
7.26125e-08
0.0096951
0.00414177
0.00115789
0.00029632
7.29098e-05
1.77187e-05
4.28327e-06
1.02961e-06
2.49269e-07
7.25885e-08
0.00983074
0.00409931
0.00114946
0.000294898
7.26629e-05
1.76768e-05
4.27688e-06
1.02877e-06
2.49164e-07
7.25628e-08
0.00995145
0.00406428
0.00114236
0.000293696
7.24549e-05
1.76417e-05
4.27159e-06
1.02808e-06
2.49075e-07
7.25375e-08
0.010052
0.00403639
0.00113661
0.000292725
7.22879e-05
1.76135e-05
4.26736e-06
1.02753e-06
2.48998e-07
7.25145e-08
0.0101403
0.00401547
0.00113227
0.000291992
7.21631e-05
1.75924e-05
4.26413e-06
1.0271e-06
2.48935e-07
7.24954e-08
0.0102083
0.00400147
0.00112937
0.000291506
7.20817e-05
1.75785e-05
4.26187e-06
1.02677e-06
2.48885e-07
7.24812e-08
0.0102451
0.00399434
0.00112792
0.00029127
7.20444e-05
1.75717e-05
4.26059e-06
1.02655e-06
2.48848e-07
7.24726e-08
0.00535383
0.00267334
0.000754719
0.000192852
4.73344e-05
1.14723e-05
2.76615e-06
6.63514e-07
1.60364e-07
4.665e-08
0.00518586
0.00263187
0.000747332
0.000191586
4.71105e-05
1.14337e-05
2.75985e-06
6.62553e-07
1.60241e-07
4.66354e-08
0.00513918
0.00259613
0.000740643
0.000190438
4.69078e-05
1.13988e-05
2.7543e-06
6.61747e-07
1.60138e-07
4.66189e-08
0.00517154
0.00256604
0.000734702
0.000189413
4.67274e-05
1.1368e-05
2.74949e-06
6.61075e-07
1.6005e-07
4.66011e-08
0.00523929
0.0025413
0.000729548
0.000188521
4.65708e-05
1.13413e-05
2.74541e-06
6.60517e-07
1.59975e-07
4.6583e-08
0.00532624
0.00252157
0.000725214
0.000187767
4.64392e-05
1.1319e-05
2.74201e-06
6.60057e-07
1.59911e-07
4.65658e-08
0.0054405
0.0025065
0.000721723
0.000187159
4.63337e-05
1.13011e-05
2.73927e-06
6.59684e-07
1.59856e-07
4.65505e-08
0.00558479
0.00249574
0.000719095
0.000186701
4.62552e-05
1.12877e-05
2.73716e-06
6.59388e-07
1.59812e-07
4.65379e-08
0.00573407
0.0024889
0.000717343
0.000186397
4.62043e-05
1.12789e-05
2.73568e-06
6.59164e-07
1.59776e-07
4.65287e-08
0.00584018
0.00248554
0.000716478
0.000186251
4.61814e-05
1.12746e-05
2.73481e-06
6.5901e-07
1.5975e-07
4.6523e-08
0.00171039
0.000903834
0.00025831
6.62838e-05
1.62911e-05
3.95115e-06
9.53068e-07
2.28668e-07
5.5277e-08
1.60803e-08
0.00163679
0.000889671
0.000255814
6.58519e-05
1.62141e-05
3.93791e-06
9.50938e-07
2.2834e-07
5.52316e-08
1.60739e-08
0.00160124
0.000877497
0.000253557
6.54598e-05
1.61444e-05
3.92598e-06
9.49063e-07
2.28065e-07
5.51939e-08
1.6067e-08
0.00159229
0.000867306
0.000251555
6.51103e-05
1.60825e-05
3.91544e-06
9.47437e-07
2.27836e-07
5.51618e-08
1.60599e-08
0.00160023
0.000859019
0.00024982
6.48059e-05
1.60288e-05
3.90634e-06
9.46051e-07
2.27645e-07
5.51344e-08
1.60528e-08
0.00162371
0.000852525
0.000248364
6.4549e-05
1.59838e-05
3.89872e-06
9.44892e-07
2.27486e-07
5.51108e-08
1.60463e-08
0.00166739
0.000847692
0.000247194
6.4342e-05
1.59479e-05
3.89261e-06
9.43949e-07
2.27355e-07
5.50908e-08
1.60405e-08
0.00173154
0.000844353
0.000246317
6.41867e-05
1.59213e-05
3.88803e-06
9.43211e-07
2.27248e-07
5.50739e-08
1.60359e-08
0.00180385
0.000842299
0.000245735
6.40845e-05
1.59045e-05
3.88501e-06
9.42671e-07
2.27162e-07
5.50599e-08
1.60325e-08
0.00185844
0.000841298
0.000245452
6.40364e-05
1.58977e-05
3.88357e-06
9.42327e-07
2.27095e-07
5.50483e-08
1.60302e-08
)
;

boundaryField
{
    strip0
    {
        type            fixedValue;
        value           uniform 1;
    }
    back1
    {
        type            fixedValue;
        value           uniform 0;
    }
    back2
    {
        type            fixedValue;
        value           uniform 0;
    }
    back3
    {
        type            fixedValue;
        value           uniform 0;
    }
    back4
    {
        type            fixedValue;
        value           uniform 0;
    }
    back5
    {
        type            fixedValue;
        value           uniform 0;
    }
    back6
    {
        type            fixedValue;
        value           uniform 0;
    }
    back7
    {
        type            fixedValue;
        value           uniform 0;
    }
    back8
    {
        type            fixedValue;
        value           uniform 0;
    }
    back9
    {
        type            fixedValue;
        value           uniform 0;
    }
    front1
    {
        type            fixedValue;
        value           uniform 0;
    }
    front2
    {
        type            fixedValue;
        value           uniform 0;
    }
    front3
    {
        type            fixedValue;
        value           uniform 0;
    }
    front4
    {
        type            fixedValue;
        value           uniform 0;
    }
    front6
    {
        type            fixedValue;
        value           uniform 0;
    }
    front7
    {
        type            fixedValue;
        value           uniform 0;
    }
    front8
    {
        type            fixedValue;
        value           uniform 0;
    }
    front9
    {
        type            fixedValue;
        value           uniform 0;
    }
    defaultFaces
    {
        type            empty;
    }
}


// ************************************************************************* //
