/*--------------------------------*- C++ -*----------------------------------*\
  =========                 |
  \\      /  F ield         | OpenFOAM: The Open Source CFD Toolbox
   \\    /   O peration     | Website:  https://openfoam.org
    \\  /    A nd           | Version:  dev
     \\/     M anipulation  |
\*---------------------------------------------------------------------------*/
FoamFile
{
    version     2.0;
    format      ascii;
    class       volScalarField;
    location    "0.015";
    object      phi;
}
// * * * * * * * * * * * * * * * * * * * * * * * * * * * * * * * * * * * * * //

dimensions      [1 2 -3 0 0 -1 0];

internalField   nonuniform List<scalar> 
9000
(
49.9949
49.9949
49.9949
49.995
49.9951
49.9952
49.9953
49.9954
49.9954
49.9955
49.9951
49.9951
49.9951
49.9952
49.9954
49.9955
49.9956
49.9957
49.9958
49.9959
49.9955
49.9955
49.9956
49.9957
49.9959
49.9961
49.9963
49.9965
49.9966
49.9968
49.9961
49.9962
49.9963
49.9965
49.9967
49.997
49.9974
49.9977
49.998
49.9982
49.9969
49.997
49.9972
49.9976
49.9979
49.9984
49.999
49.9995
50.0001
50.0005
49.9981
49.9982
49.9985
49.999
49.9996
50.0003
50.0012
50.0022
50.0031
50.004
49.9994
49.9997
50.0001
50.0008
50.0018
50.0029
50.0043
50.0059
50.0076
50.0092
50.0011
50.0014
50.0021
50.0031
50.0045
50.0063
50.0086
50.0112
50.0141
50.0171
50.0031
50.0036
50.0045
50.006
50.008
50.0108
50.0143
50.0186
50.0236
50.029
50.0054
50.006
50.0073
50.0093
50.0123
50.0163
50.0217
50.0285
50.037
50.0471
129.986
129.986
129.986
129.986
129.986
129.986
129.986
129.986
129.986
129.986
129.986
129.986
129.986
129.986
129.987
129.987
129.987
129.987
129.987
129.987
129.987
129.987
129.987
129.987
129.988
129.988
129.988
129.988
129.988
129.988
129.988
129.988
129.988
129.989
129.989
129.989
129.99
129.99
129.99
129.99
129.99
129.99
129.99
129.991
129.991
129.992
129.992
129.993
129.993
129.994
129.992
129.992
129.993
129.993
129.994
129.995
129.996
129.996
129.997
129.998
129.995
129.995
129.996
129.996
129.997
129.998
130
130.001
130.002
130.003
129.998
129.998
129.999
130
130.001
130.003
130.005
130.007
130.009
130.011
130.001
130.002
130.003
130.004
130.006
130.009
130.011
130.014
130.017
130.02
130.005
130.006
130.007
130.009
130.012
130.015
130.019
130.023
130.027
130.031
189.975
189.975
189.975
189.975
189.975
189.975
189.975
189.975
189.975
189.975
189.975
189.975
189.975
189.975
189.976
189.976
189.976
189.976
189.976
189.975
189.976
189.976
189.976
189.976
189.976
189.977
189.977
189.977
189.977
189.977
189.977
189.977
189.977
189.978
189.978
189.978
189.978
189.978
189.978
189.978
189.979
189.979
189.979
189.979
189.98
189.98
189.98
189.98
189.98
189.98
189.981
189.981
189.981
189.982
189.982
189.982
189.983
189.983
189.983
189.983
189.983
189.983
189.984
189.984
189.985
189.985
189.986
189.986
189.987
189.987
189.986
189.986
189.987
189.987
189.988
189.989
189.99
189.99
189.991
189.991
189.989
189.99
189.99
189.991
189.992
189.993
189.994
189.995
189.996
189.997
189.993
189.993
189.994
189.995
189.996
189.997
189.999
190
190.002
190.003
229.963
229.963
229.963
229.963
229.963
229.963
229.963
229.963
229.963
229.963
229.963
229.963
229.963
229.963
229.963
229.963
229.963
229.963
229.963
229.963
229.964
229.964
229.964
229.964
229.964
229.964
229.964
229.964
229.964
229.964
229.965
229.965
229.965
229.965
229.965
229.965
229.965
229.965
229.965
229.965
229.966
229.966
229.966
229.966
229.966
229.966
229.966
229.966
229.966
229.966
229.967
229.967
229.967
229.967
229.967
229.967
229.967
229.968
229.968
229.967
229.968
229.969
229.969
229.969
229.969
229.969
229.969
229.969
229.969
229.969
229.97
229.97
229.97
229.971
229.971
229.971
229.971
229.972
229.972
229.972
229.972
229.972
229.973
229.973
229.973
229.973
229.974
229.974
229.974
229.974
229.974
229.975
229.975
229.975
229.976
229.976
229.976
229.977
229.977
229.977
249.952
249.952
249.952
249.952
249.952
249.952
249.952
249.952
249.952
249.952
249.952
249.952
249.952
249.952
249.952
249.952
249.952
249.952
249.952
249.952
249.952
249.952
249.952
249.952
249.952
249.952
249.952
249.952
249.952
249.952
249.952
249.952
249.952
249.952
249.952
249.952
249.952
249.952
249.952
249.952
249.953
249.953
249.953
249.953
249.953
249.953
249.953
249.953
249.953
249.953
249.953
249.953
249.953
249.953
249.953
249.953
249.953
249.953
249.953
249.953
249.954
249.954
249.954
249.954
249.954
249.954
249.954
249.954
249.954
249.954
249.954
249.954
249.954
249.954
249.954
249.955
249.955
249.955
249.955
249.955
249.955
249.955
249.955
249.955
249.955
249.955
249.955
249.955
249.955
249.955
249.956
249.956
249.956
249.956
249.956
249.956
249.956
249.956
249.956
249.956
249.944
249.944
249.944
249.944
249.944
249.944
249.944
249.944
249.944
249.944
249.944
249.944
249.944
249.944
249.944
249.944
249.944
249.944
249.944
249.944
249.944
249.944
249.944
249.944
249.944
249.944
249.944
249.944
249.944
249.944
249.943
249.943
249.943
249.943
249.943
249.943
249.943
249.943
249.943
249.943
249.943
249.943
249.943
249.943
249.943
249.943
249.943
249.943
249.943
249.943
249.943
249.942
249.942
249.942
249.942
249.942
249.942
249.942
249.942
249.942
249.942
249.942
249.942
249.942
249.942
249.942
249.942
249.942
249.942
249.942
249.941
249.941
249.941
249.941
249.941
249.941
249.941
249.941
249.941
249.941
249.941
249.941
249.941
249.941
249.941
249.94
249.94
249.94
249.94
249.94
249.94
249.94
249.94
249.94
249.94
249.94
249.94
249.939
249.939
249.939
229.941
229.941
229.941
229.941
229.941
229.941
229.941
229.941
229.941
229.941
229.941
229.941
229.941
229.941
229.941
229.941
229.941
229.941
229.941
229.941
229.94
229.94
229.94
229.94
229.94
229.94
229.94
229.94
229.94
229.94
229.939
229.939
229.939
229.939
229.939
229.939
229.939
229.939
229.939
229.94
229.938
229.938
229.938
229.938
229.938
229.938
229.938
229.938
229.938
229.938
229.937
229.937
229.937
229.937
229.937
229.937
229.937
229.937
229.937
229.937
229.936
229.936
229.935
229.935
229.935
229.935
229.935
229.935
229.935
229.935
229.934
229.934
229.934
229.933
229.933
229.933
229.933
229.932
229.932
229.932
229.932
229.932
229.932
229.931
229.931
229.931
229.93
229.93
229.93
229.93
229.93
229.929
229.929
229.929
229.928
229.928
229.928
229.927
229.927
229.927
189.946
189.946
189.946
189.946
189.946
189.946
189.946
189.946
189.946
189.946
189.945
189.945
189.945
189.945
189.945
189.945
189.945
189.945
189.945
189.945
189.945
189.945
189.945
189.944
189.944
189.944
189.944
189.944
189.944
189.944
189.943
189.943
189.943
189.943
189.943
189.943
189.943
189.943
189.943
189.943
189.942
189.942
189.942
189.941
189.941
189.941
189.941
189.94
189.94
189.94
189.94
189.94
189.94
189.939
189.939
189.938
189.938
189.938
189.937
189.937
189.937
189.937
189.937
189.937
189.936
189.936
189.935
189.934
189.934
189.934
189.935
189.934
189.934
189.933
189.933
189.932
189.931
189.93
189.93
189.929
189.931
189.931
189.931
189.93
189.929
189.928
189.927
189.926
189.925
189.924
189.928
189.928
189.927
189.926
189.925
189.923
189.922
189.92
189.919
189.918
129.96
129.96
129.96
129.96
129.96
129.96
129.959
129.959
129.959
129.959
129.96
129.96
129.959
129.959
129.959
129.959
129.959
129.959
129.959
129.959
129.959
129.959
129.959
129.958
129.958
129.958
129.958
129.958
129.957
129.957
129.958
129.957
129.957
129.957
129.957
129.956
129.956
129.956
129.955
129.955
129.956
129.956
129.955
129.955
129.955
129.954
129.954
129.953
129.953
129.952
129.954
129.953
129.953
129.953
129.952
129.951
129.95
129.949
129.949
129.948
129.951
129.951
129.95
129.949
129.949
129.947
129.946
129.945
129.944
129.942
129.948
129.948
129.947
129.946
129.944
129.943
129.941
129.939
129.937
129.935
129.944
129.944
129.943
129.941
129.94
129.937
129.935
129.932
129.929
129.926
129.94
129.94
129.938
129.936
129.934
129.931
129.927
129.923
129.919
129.915
49.9843
49.9843
49.9842
49.9841
49.984
49.9839
49.9838
49.9838
49.9837
49.9837
49.9841
49.9841
49.984
49.9839
49.9838
49.9837
49.9835
49.9834
49.9833
49.9833
49.9837
49.9836
49.9835
49.9834
49.9833
49.9831
49.9829
49.9827
49.9825
49.9824
49.9831
49.983
49.9829
49.9827
49.9824
49.9821
49.9818
49.9815
49.9811
49.9809
49.9822
49.9821
49.9819
49.9816
49.9812
49.9807
49.9802
49.9796
49.9791
49.9786
49.9811
49.9809
49.9806
49.9802
49.9796
49.9788
49.9779
49.977
49.976
49.9751
49.9797
49.9795
49.979
49.9783
49.9774
49.9762
49.9748
49.9732
49.9716
49.9699
49.978
49.9777
49.977
49.976
49.9746
49.9728
49.9706
49.9679
49.965
49.9621
49.976
49.9756
49.9746
49.9732
49.9711
49.9684
49.9649
49.9606
49.9556
49.9501
49.9738
49.9731
49.9719
49.9698
49.9668
49.9628
49.9575
49.9506
49.9421
49.9321
50.0281
50.0306
50.0358
50.0444
50.0573
50.0764
50.1039
50.1438
50.2017
50.2861
50.0325
50.0351
50.0405
50.0494
50.0629
50.0825
50.1109
50.1518
50.2108
50.2964
50.0331
50.0358
50.0413
50.0503
50.0639
50.0836
50.1121
50.1532
50.2124
50.2983
50.0323
50.0347
50.04
50.0488
50.0622
50.0818
50.11
50.1507
50.2095
50.2948
50.0322
50.035
50.0406
50.0496
50.0633
50.0831
50.1117
50.1528
50.2122
50.2983
50.0277
50.0302
50.0355
50.0444
50.0577
50.0773
50.1056
50.1463
50.2052
50.2906
50.0141
50.0168
50.0222
50.0312
50.0446
50.0643
50.0926
50.1335
50.1925
50.2782
49.9654
49.9677
49.9727
49.9811
49.9938
50.0125
50.0398
50.0793
50.1369
50.2209
49.8332
49.8346
49.8374
49.8423
49.8504
49.8634
49.8837
49.9152
49.9637
50.0376
49.6566
49.6498
49.6361
49.6158
49.5893
49.5572
49.5211
49.4832
49.4478
49.4215
130.045
130.047
130.052
130.059
130.069
130.081
130.096
130.114
130.134
130.155
130.055
130.058
130.062
130.07
130.08
130.093
130.109
130.128
130.149
130.171
130.054
130.056
130.061
130.068
130.078
130.091
130.107
130.125
130.145
130.167
130.057
130.06
130.065
130.073
130.084
130.097
130.113
130.132
130.154
130.177
130.05
130.051
130.056
130.063
130.073
130.085
130.101
130.119
130.139
130.16
130.043
130.046
130.051
130.059
130.069
130.082
130.098
130.117
130.139
130.161
130
130.002
130.006
130.013
130.023
130.036
130.051
130.069
130.089
130.11
129.862
129.864
129.868
129.874
129.882
129.893
129.906
129.922
129.939
129.957
129.48
129.479
129.476
129.471
129.466
129.46
129.452
129.444
129.434
129.422
129.099
129.081
129.044
128.988
128.913
128.816
128.697
128.554
128.382
128.174
190.027
190.028
190.031
190.034
190.038
190.043
190.048
190.054
190.06
190.065
190.037
190.038
190.04
190.043
190.047
190.053
190.058
190.064
190.07
190.075
190.041
190.042
190.045
190.049
190.053
190.059
190.065
190.071
190.078
190.083
190.032
190.033
190.035
190.037
190.041
190.046
190.051
190.057
190.062
190.066
190.038
190.04
190.043
190.047
190.052
190.058
190.064
190.071
190.078
190.084
190.012
190.013
190.015
190.018
190.022
190.027
190.032
190.038
190.043
190.047
189.955
189.956
189.958
189.962
189.966
189.971
189.976
189.982
189.988
189.993
189.733
189.733
189.733
189.734
189.735
189.736
189.737
189.737
189.736
189.734
189.164
189.16
189.151
189.138
189.12
189.097
189.069
189.036
188.997
188.952
188.801
188.777
188.729
188.657
188.558
188.431
188.274
188.083
187.852
187.575
229.996
229.996
229.997
229.998
229.999
230.001
230.003
230.004
230.005
230.006
230.004
230.005
230.006
230.007
230.008
230.01
230.012
230.014
230.015
230.017
230
230
230
230.001
230.002
230.003
230.005
230.006
230.007
230.007
230.009
230.011
230.012
230.014
230.016
230.018
230.02
230.023
230.025
230.027
229.989
229.988
229.989
229.989
229.99
229.991
229.992
229.993
229.994
229.993
229.981
229.982
229.983
229.985
229.987
229.989
229.991
229.993
229.995
229.996
229.893
229.893
229.893
229.894
229.894
229.895
229.896
229.896
229.897
229.896
229.627
229.627
229.626
229.624
229.622
229.619
229.615
229.611
229.605
229.598
228.91
228.903
228.889
228.869
228.842
228.808
228.767
228.719
228.664
228.602
228.714
228.689
228.637
228.558
228.449
228.31
228.135
227.921
227.662
227.352
249.963
249.963
249.963
249.964
249.964
249.964
249.965
249.965
249.965
249.965
249.964
249.964
249.964
249.964
249.964
249.965
249.965
249.965
249.965
249.965
249.97
249.971
249.971
249.972
249.972
249.973
249.974
249.974
249.975
249.976
249.955
249.954
249.954
249.954
249.953
249.953
249.953
249.953
249.952
249.951
249.968
249.969
249.969
249.97
249.971
249.972
249.973
249.974
249.975
249.976
249.928
249.927
249.927
249.927
249.927
249.927
249.927
249.926
249.926
249.925
249.85
249.85
249.85
249.85
249.85
249.85
249.85
249.85
249.849
249.849
249.539
249.538
249.536
249.532
249.528
249.522
249.516
249.508
249.5
249.49
248.777
248.77
248.755
248.733
248.703
248.665
248.62
248.567
248.506
248.439
248.69
248.663
248.609
248.526
248.413
248.265
248.081
247.854
247.579
247.251
249.933
249.933
249.932
249.932
249.932
249.931
249.931
249.931
249.931
249.93
249.932
249.932
249.932
249.931
249.931
249.931
249.931
249.931
249.93
249.931
249.924
249.924
249.923
249.923
249.922
249.922
249.921
249.92
249.92
249.919
249.938
249.938
249.939
249.939
249.939
249.939
249.939
249.939
249.94
249.941
249.911
249.91
249.91
249.909
249.908
249.908
249.907
249.906
249.905
249.904
249.906
249.906
249.907
249.907
249.906
249.906
249.906
249.906
249.906
249.907
249.806
249.805
249.805
249.804
249.803
249.802
249.8
249.799
249.797
249.796
249.514
249.513
249.511
249.507
249.503
249.497
249.491
249.483
249.475
249.466
248.728
248.72
248.704
248.68
248.649
248.61
248.563
248.509
248.447
248.377
248.667
248.64
248.586
248.503
248.389
248.242
248.057
247.83
247.555
247.228
229.908
229.908
229.907
229.906
229.905
229.903
229.901
229.9
229.899
229.898
229.899
229.899
229.898
229.897
229.895
229.893
229.892
229.89
229.888
229.887
229.905
229.905
229.904
229.903
229.902
229.9
229.899
229.898
229.896
229.896
229.889
229.888
229.887
229.885
229.884
229.882
229.88
229.877
229.876
229.874
229.903
229.904
229.903
229.902
229.901
229.9
229.898
229.897
229.896
229.896
229.865
229.864
229.863
229.861
229.86
229.858
229.856
229.854
229.852
229.85
229.796
229.796
229.795
229.793
229.792
229.789
229.787
229.785
229.783
229.781
229.514
229.512
229.509
229.505
229.499
229.493
229.485
229.476
229.467
229.457
228.82
228.813
228.799
228.777
228.747
228.711
228.667
228.617
228.559
228.496
228.619
228.592
228.539
228.457
228.345
228.202
228.023
227.805
227.543
227.23
189.893
189.892
189.89
189.887
189.883
189.878
189.872
189.866
189.861
189.856
189.885
189.883
189.881
189.878
189.873
189.868
189.863
189.856
189.851
189.845
189.878
189.876
189.874
189.87
189.866
189.86
189.855
189.848
189.842
189.837
189.889
189.888
189.886
189.883
189.879
189.873
189.868
189.862
189.856
189.852
189.868
189.866
189.863
189.86
189.855
189.85
189.844
189.838
189.832
189.826
189.866
189.865
189.863
189.86
189.855
189.85
189.844
189.838
189.832
189.827
189.793
189.791
189.789
189.785
189.78
189.775
189.768
189.761
189.755
189.748
189.584
189.582
189.578
189.573
189.565
189.556
189.545
189.534
189.522
189.511
189.001
188.994
188.98
188.959
188.932
188.898
188.857
188.811
188.759
188.703
188.672
188.646
188.594
188.515
188.408
188.271
188.103
187.9
187.658
187.37
129.901
129.899
129.894
129.887
129.877
129.865
129.85
129.832
129.812
129.79
129.89
129.888
129.883
129.875
129.865
129.852
129.836
129.818
129.797
129.775
129.893
129.891
129.886
129.878
129.868
129.855
129.839
129.821
129.8
129.778
129.883
129.881
129.876
129.868
129.858
129.845
129.829
129.811
129.79
129.768
129.893
129.891
129.886
129.878
129.868
129.855
129.839
129.821
129.8
129.778
129.871
129.869
129.864
129.856
129.846
129.833
129.817
129.799
129.778
129.756
129.837
129.835
129.83
129.822
129.812
129.799
129.782
129.763
129.742
129.72
129.692
129.689
129.683
129.674
129.662
129.646
129.627
129.605
129.58
129.554
129.323
129.317
129.304
129.285
129.26
129.228
129.189
129.144
129.093
129.037
128.951
128.928
128.882
128.811
128.716
128.594
128.444
128.264
128.051
127.8
49.951
49.9485
49.9433
49.9348
49.9218
49.9028
49.8752
49.8353
49.7775
49.693
49.9469
49.9443
49.9389
49.9299
49.9164
49.8967
49.8683
49.8275
49.7684
49.6827
49.9448
49.9423
49.9369
49.928
49.9145
49.8948
49.8664
49.8255
49.7664
49.6807
49.9483
49.9456
49.9401
49.931
49.9175
49.8978
49.8693
49.8285
49.7694
49.6838
49.9423
49.9398
49.9344
49.9256
49.9121
49.8925
49.8641
49.8232
49.7641
49.6783
49.943
49.9404
49.9348
49.9258
49.9123
49.8925
49.8641
49.8232
49.7641
49.6784
49.9262
49.9236
49.9181
49.9092
49.8956
49.8758
49.8473
49.8062
49.747
49.6611
49.8802
49.8774
49.8716
49.862
49.8478
49.8272
49.7977
49.7556
49.6952
49.608
49.7453
49.7414
49.7333
49.7203
49.7013
49.6747
49.6381
49.5876
49.5177
49.4199
49.5807
49.5689
49.5447
49.5071
49.4544
49.3842
49.2929
49.1752
49.024
48.8288
49.5739
49.522
49.4131
49.2382
48.9834
48.6297
48.1548
47.5393
46.787
45.9808
49.5543
49.4953
49.3711
49.17
48.8722
48.4481
47.8539
47.0246
45.8599
44.1871
49.5255
49.4585
49.3171
49.0859
48.7386
48.2334
47.5044
46.4451
44.8782
42.4911
49.4919
49.4174
49.2598
49.0012
48.6107
48.039
47.2088
45.9986
44.2156
41.5525
49.4578
49.3772
49.207
48.928
48.5075
47.894
47.0091
45.7343
43.8916
41.2164
49.4268
49.3419
49.1634
48.8718
48.4348
47.8026
46.9007
45.6205
43.8048
41.2288
49.401
49.3134
49.1302
48.8324
48.389
47.7529
46.8552
45.5969
43.8375
41.3787
49.3814
49.2924
49.1069
48.8066
48.362
47.7287
46.8421
45.61
43.9022
41.5344
49.3684
49.2788
49.0924
48.7915
48.3477
47.7183
46.8414
45.6289
43.9555
41.6437
49.3621
49.2726
49.086
48.7852
48.3422
47.7153
46.8437
45.6411
43.9853
41.7052
129.808
129.757
129.654
129.501
129.307
129.091
128.905
128.865
129.238
130.646
129.851
129.79
129.666
129.476
129.219
128.895
128.512
128.084
127.631
127.123
129.859
129.785
129.633
129.392
129.049
128.58
127.944
127.068
125.802
123.815
129.843
129.756
129.574
129.284
128.861
128.269
127.443
126.283
124.613
122.137
129.812
129.713
129.507
129.178
128.699
128.027
127.101
125.826
124.07
121.644
129.776
129.668
129.445
129.091
128.579
127.869
126.91
125.629
123.942
121.75
129.74
129.626
129.393
129.024
128.495
127.773
126.813
125.563
123.971
121.994
129.709
129.591
129.351
128.974
128.437
127.709
126.751
125.521
123.977
122.095
129.687
129.567
129.323
128.941
128.397
127.663
126.7
125.463
123.905
121.987
129.676
129.556
129.31
128.925
128.378
127.638
126.667
125.413
123.812
121.787
191.426
191.443
191.478
191.544
191.659
191.861
192.216
192.85
194.018
196.266
191.662
191.676
191.707
191.762
191.856
192.011
192.261
192.654
193.244
194.045
191.84
191.848
191.866
191.896
191.944
192.015
192.109
192.206
192.234
191.99
191.965
191.966
191.967
191.969
191.971
191.969
191.949
191.875
191.665
191.154
192.047
192.04
192.025
192.002
191.968
191.917
191.836
191.704
191.482
191.105
192.094
192.079
192.052
192.009
191.949
191.867
191.761
191.627
191.473
191.322
192.115
192.094
192.055
191.995
191.913
191.806
191.675
191.53
191.401
191.364
192.119
192.093
192.043
191.966
191.86
191.719
191.542
191.332
191.116
190.967
192.117
192.086
192.027
191.935
191.804
191.624
191.383
191.062
190.651
190.158
192.114
192.083
192.019
191.918
191.771
191.562
191.269
190.849
190.233
189.294
233.425
233.507
233.669
233.923
234.283
234.769
235.411
236.248
237.347
238.834
233.888
233.976
234.156
234.436
234.833
235.366
236.06
236.941
238.031
239.316
234.276
234.37
234.562
234.862
235.286
235.853
236.586
237.507
238.623
239.914
234.589
234.686
234.886
235.199
235.641
236.237
237.013
238
239.225
240.7
234.828
234.926
235.127
235.444
235.894
236.502
237.303
238.342
239.678
241.38
234.998
235.093
235.291
235.602
236.044
236.643
237.438
238.482
239.861
241.696
235.108
235.197
235.385
235.68
236.097
236.658
237.396
238.362
239.644
241.39
235.17
235.252
235.426
235.696
236.071
236.564
237.19
237.978
238.982
240.323
235.2
235.277
235.436
235.68
236.009
236.421
236.908
237.455
238.038
238.664
235.213
235.288
235.439
235.666
235.963
236.319
236.702
237.05
237.24
237.03
254.723
254.838
255.065
255.411
255.882
256.479
257.194
257.992
258.784
259.357
255.33
255.459
255.717
256.114
256.66
257.367
258.245
259.294
260.494
261.8
255.859
256.001
256.29
256.737
257.362
258.189
259.252
260.589
262.26
264.367
256.3
256.453
256.767
257.257
257.949
258.88
260.102
261.686
263.729
266.366
256.648
256.808
257.137
257.653
258.385
259.376
260.688
262.408
264.655
267.588
256.905
257.065
257.398
257.92
258.659
259.658
260.979
262.71
264.981
267.974
257.078
257.234
257.559
258.066
258.779
259.732
260.975
262.581
264.667
267.42
257.182
257.331
257.639
258.116
258.776
259.637
260.724
262.072
263.748
265.891
257.238
257.379
257.67
258.113
258.711
259.465
260.362
261.38
262.484
263.661
257.263
257.402
257.681
258.102
258.659
259.337
260.095
260.849
261.433
261.519
254.708
254.822
255.049
255.395
255.865
256.462
257.178
257.978
258.772
259.351
255.317
255.446
255.704
256.1
256.646
257.353
258.231
259.28
260.482
261.789
255.847
255.989
256.277
256.725
257.349
258.176
259.238
260.575
262.246
264.35
256.289
256.442
256.756
257.245
257.937
258.868
260.089
261.672
263.714
266.347
256.638
256.798
257.127
257.642
258.374
259.365
260.677
262.395
264.641
267.571
256.896
257.056
257.389
257.91
258.65
259.649
260.969
262.7
264.97
267.961
257.07
257.226
257.551
258.058
258.771
259.724
260.967
262.573
264.659
267.412
257.175
257.323
257.632
258.109
258.769
259.63
260.717
262.066
263.743
265.887
257.231
257.372
257.663
258.106
258.705
259.459
260.358
261.377
262.482
263.661
257.256
257.395
257.675
258.096
258.654
259.332
260.091
260.847
261.433
261.522
233.384
233.465
233.627
233.88
234.239
234.725
235.366
236.206
237.313
238.814
233.85
233.939
234.117
234.397
234.793
235.325
236.019
236.901
237.992
239.281
234.243
234.337
234.528
234.827
235.249
235.815
236.548
237.467
238.58
239.865
234.559
234.656
234.855
235.167
235.608
236.202
236.977
237.961
239.182
240.648
234.801
234.898
235.099
235.415
235.864
236.472
237.271
238.308
239.639
241.333
234.973
235.068
235.266
235.576
236.018
236.617
237.411
238.455
239.83
241.66
235.085
235.174
235.363
235.658
236.075
236.637
237.375
238.342
239.623
241.367
235.149
235.231
235.405
235.676
236.052
236.546
237.174
237.963
238.969
240.313
235.181
235.257
235.417
235.662
235.992
236.406
236.896
237.446
238.033
238.664
235.194
235.27
235.421
235.649
235.948
236.306
236.692
237.044
237.239
237.038
191.364
191.38
191.414
191.477
191.59
191.79
192.143
192.778
193.952
196.215
191.609
191.622
191.651
191.705
191.796
191.949
192.197
192.589
193.18
193.982
191.793
191.801
191.817
191.845
191.891
191.96
192.052
192.145
192.169
191.915
191.924
191.924
191.924
191.924
191.925
191.921
191.898
191.819
191.603
191.081
192.01
192.002
191.987
191.963
191.928
191.875
191.792
191.657
191.429
191.043
192.061
192.046
192.018
191.975
191.914
191.832
191.725
191.591
191.433
191.276
192.085
192.064
192.025
191.965
191.883
191.777
191.647
191.503
191.374
191.336
192.092
192.065
192.016
191.94
191.834
191.695
191.521
191.314
191.101
190.956
192.091
192.06
192.002
191.912
191.782
191.605
191.367
191.052
190.645
190.161
192.089
192.059
191.996
191.896
191.751
191.546
191.256
190.842
190.233
189.305
129.747
129.695
129.589
129.432
129.233
129.012
128.82
128.775
129.147
130.56
129.798
129.737
129.61
129.417
129.156
128.828
128.44
128.009
127.553
127.042
129.814
129.74
129.585
129.342
128.996
128.523
127.884
127.005
125.733
123.738
129.804
129.716
129.533
129.241
128.816
128.221
127.393
126.229
124.554
122.071
129.778
129.679
129.472
129.142
128.662
127.989
127.06
125.783
124.023
121.591
129.746
129.638
129.415
129.06
128.548
127.838
126.878
125.597
123.908
121.714
129.713
129.599
129.366
128.997
128.469
127.748
126.789
125.541
123.949
121.973
129.685
129.567
129.328
128.951
128.415
127.689
126.734
125.507
123.966
122.088
129.664
129.545
129.302
128.92
128.378
127.647
126.687
125.455
123.902
121.991
129.654
129.535
129.29
128.906
128.361
127.625
126.657
125.407
123.813
121.798
49.5449
49.4917
49.3802
49.2014
48.9412
48.5806
48.0973
47.4721
46.7098
45.8959
49.53
49.4701
49.344
49.1402
48.8388
48.4102
47.811
46.9766
45.8075
44.1327
49.5052
49.4375
49.2948
49.0617
48.712
48.2042
47.4722
46.4104
44.8415
42.4535
49.4747
49.3998
49.2414
48.9815
48.5895
48.0161
47.1843
45.9726
44.1888
41.5254
49.4432
49.3623
49.1916
48.9119
48.4906
47.8764
46.9908
45.7155
43.8724
41.1968
49.4142
49.3291
49.1504
48.8585
48.4214
47.7891
46.8874
45.6075
43.792
41.216
49.3898
49.3023
49.119
48.8211
48.3779
47.7424
46.8455
45.5882
43.8299
41.3723
49.3713
49.2824
49.097
48.7969
48.3529
47.7205
46.8352
45.6047
43.8986
41.5332
49.3591
49.2697
49.0835
48.7831
48.34
47.7118
46.8366
45.626
43.9551
41.6466
49.3532
49.2641
49.0778
48.7776
48.3355
47.7099
46.8401
45.6397
43.9867
41.7107
49.9955
49.9954
49.9954
49.9954
49.9953
49.9953
49.9952
49.9951
49.995
49.9949
49.9959
49.9959
49.9959
49.9958
49.9958
49.9957
49.9956
49.9955
49.9954
49.9953
49.9968
49.9968
49.9968
49.9968
49.9967
49.9967
49.9966
49.9965
49.9963
49.9962
49.9984
49.9984
49.9984
49.9984
49.9984
49.9983
49.9982
49.9981
49.9979
49.9978
50.0008
50.0009
50.001
50.001
50.001
50.001
50.0009
50.0007
50.0005
50.0003
50.0045
50.0048
50.005
50.0051
50.0052
50.0051
50.005
50.0049
50.0046
50.0042
50.0102
50.0107
50.0111
50.0115
50.0117
50.0117
50.0117
50.0114
50.0111
50.0105
50.019
50.02
50.0209
50.0216
50.0221
50.0223
50.0223
50.022
50.0215
50.0207
50.0327
50.0347
50.0365
50.0379
50.039
50.0396
50.0398
50.0395
50.0387
50.0375
50.0545
50.0586
50.0621
50.065
50.0671
50.0684
50.069
50.0687
50.0676
50.0657
129.986
129.986
129.986
129.986
129.986
129.986
129.985
129.985
129.985
129.985
129.987
129.987
129.987
129.987
129.986
129.986
129.986
129.986
129.986
129.985
129.988
129.988
129.988
129.988
129.988
129.988
129.987
129.987
129.987
129.987
129.99
129.99
129.99
129.99
129.99
129.99
129.99
129.989
129.989
129.989
129.994
129.994
129.994
129.994
129.993
129.993
129.993
129.993
129.992
129.992
129.998
129.998
129.998
129.998
129.998
129.998
129.997
129.997
129.997
129.996
130.004
130.004
130.004
130.004
130.004
130.004
130.004
130.003
130.003
130.002
130.011
130.012
130.012
130.012
130.012
130.012
130.012
130.011
130.01
130.01
130.021
130.022
130.023
130.023
130.023
130.023
130.023
130.022
130.021
130.02
130.034
130.035
130.036
130.037
130.037
130.037
130.037
130.036
130.035
130.033
189.975
189.975
189.975
189.974
189.974
189.974
189.974
189.974
189.973
189.973
189.975
189.975
189.975
189.975
189.975
189.975
189.974
189.974
189.974
189.974
189.976
189.976
189.976
189.976
189.976
189.976
189.975
189.975
189.975
189.975
189.978
189.978
189.978
189.978
189.977
189.977
189.977
189.977
189.976
189.976
189.98
189.98
189.98
189.98
189.98
189.98
189.979
189.979
189.979
189.978
189.983
189.983
189.983
189.983
189.983
189.982
189.982
189.982
189.981
189.981
189.987
189.987
189.987
189.987
189.987
189.986
189.986
189.985
189.985
189.984
189.992
189.992
189.992
189.991
189.991
189.991
189.99
189.99
189.989
189.989
189.997
189.997
189.997
189.997
189.997
189.996
189.996
189.995
189.995
189.994
190.003
190.004
190.004
190.004
190.003
190.003
190.002
190.002
190.001
190
229.963
229.962
229.962
229.962
229.962
229.962
229.962
229.962
229.961
229.961
229.963
229.963
229.963
229.963
229.962
229.962
229.962
229.962
229.962
229.962
229.963
229.963
229.963
229.963
229.963
229.963
229.963
229.963
229.962
229.962
229.964
229.964
229.964
229.964
229.964
229.964
229.964
229.963
229.963
229.963
229.966
229.966
229.965
229.965
229.965
229.965
229.965
229.965
229.964
229.964
229.967
229.967
229.967
229.967
229.967
229.967
229.966
229.966
229.966
229.966
229.969
229.969
229.969
229.969
229.969
229.969
229.968
229.968
229.968
229.967
229.972
229.972
229.971
229.971
229.971
229.971
229.971
229.97
229.97
229.969
229.974
229.974
229.974
229.974
229.974
229.973
229.973
229.973
229.972
229.972
229.977
229.977
229.977
229.977
229.977
229.976
229.976
229.976
229.975
229.975
249.952
249.952
249.952
249.952
249.951
249.951
249.951
249.951
249.951
249.951
249.952
249.952
249.952
249.952
249.952
249.952
249.951
249.951
249.951
249.951
249.952
249.952
249.952
249.952
249.952
249.952
249.952
249.952
249.952
249.951
249.952
249.952
249.952
249.952
249.952
249.952
249.952
249.952
249.952
249.952
249.953
249.953
249.953
249.953
249.952
249.952
249.952
249.952
249.952
249.952
249.953
249.953
249.953
249.953
249.953
249.953
249.953
249.953
249.953
249.953
249.954
249.954
249.954
249.954
249.954
249.953
249.953
249.953
249.953
249.953
249.954
249.954
249.954
249.954
249.954
249.954
249.954
249.954
249.954
249.954
249.955
249.955
249.955
249.955
249.955
249.955
249.955
249.955
249.955
249.954
249.956
249.956
249.956
249.956
249.956
249.956
249.956
249.956
249.955
249.955
249.944
249.944
249.944
249.944
249.944
249.944
249.944
249.944
249.944
249.945
249.944
249.944
249.944
249.944
249.944
249.944
249.944
249.944
249.944
249.944
249.944
249.944
249.944
249.944
249.944
249.944
249.944
249.944
249.944
249.944
249.943
249.943
249.944
249.944
249.944
249.944
249.944
249.944
249.944
249.944
249.943
249.943
249.943
249.943
249.943
249.943
249.943
249.943
249.944
249.944
249.943
249.943
249.943
249.943
249.943
249.943
249.943
249.943
249.943
249.943
249.942
249.942
249.942
249.942
249.942
249.942
249.942
249.942
249.943
249.943
249.941
249.941
249.941
249.941
249.941
249.942
249.942
249.942
249.942
249.942
249.94
249.94
249.941
249.941
249.941
249.941
249.941
249.941
249.941
249.941
249.94
249.94
249.94
249.94
249.94
249.94
249.94
249.94
249.94
249.94
229.942
229.942
229.942
229.942
229.942
229.942
229.942
229.942
229.943
229.943
229.941
229.941
229.941
229.942
229.942
229.942
229.942
229.942
229.942
229.943
229.941
229.941
229.941
229.941
229.941
229.941
229.941
229.942
229.942
229.942
229.94
229.94
229.94
229.94
229.94
229.94
229.94
229.941
229.941
229.941
229.938
229.938
229.939
229.939
229.939
229.939
229.939
229.939
229.94
229.94
229.937
229.937
229.937
229.937
229.937
229.937
229.938
229.938
229.938
229.938
229.935
229.935
229.935
229.935
229.935
229.936
229.936
229.936
229.936
229.937
229.932
229.933
229.933
229.933
229.933
229.933
229.934
229.934
229.934
229.935
229.93
229.93
229.93
229.93
229.93
229.931
229.931
229.931
229.932
229.932
229.927
229.927
229.927
229.927
229.927
229.928
229.928
229.928
229.929
229.929
189.946
189.946
189.946
189.946
189.947
189.947
189.947
189.947
189.947
189.948
189.945
189.946
189.946
189.946
189.946
189.946
189.946
189.947
189.947
189.947
189.944
189.944
189.945
189.945
189.945
189.945
189.945
189.946
189.946
189.946
189.943
189.943
189.943
189.943
189.943
189.944
189.944
189.944
189.944
189.945
189.94
189.941
189.941
189.941
189.941
189.941
189.942
189.942
189.942
189.943
189.937
189.938
189.938
189.938
189.938
189.938
189.939
189.939
189.939
189.94
189.934
189.934
189.934
189.934
189.934
189.934
189.935
189.935
189.936
189.936
189.929
189.929
189.929
189.929
189.93
189.93
189.93
189.931
189.931
189.932
189.924
189.924
189.924
189.924
189.924
189.924
189.925
189.925
189.926
189.927
189.917
189.917
189.917
189.917
189.917
189.918
189.918
189.919
189.92
189.921
129.96
129.96
129.96
129.96
129.96
129.96
129.96
129.961
129.961
129.961
129.959
129.959
129.959
129.959
129.959
129.959
129.96
129.96
129.96
129.96
129.957
129.958
129.958
129.958
129.958
129.958
129.958
129.959
129.959
129.959
129.955
129.955
129.955
129.956
129.956
129.956
129.956
129.956
129.957
129.957
129.952
129.952
129.952
129.952
129.952
129.953
129.953
129.953
129.954
129.954
129.948
129.948
129.948
129.948
129.948
129.948
129.948
129.949
129.949
129.95
129.942
129.942
129.942
129.942
129.942
129.942
129.942
129.943
129.943
129.944
129.934
129.934
129.934
129.934
129.934
129.934
129.934
129.935
129.935
129.936
129.925
129.924
129.923
129.923
129.923
129.923
129.923
129.924
129.925
129.926
129.912
129.911
129.91
129.909
129.909
129.909
129.909
129.91
129.911
129.913
49.9837
49.9837
49.9837
49.9838
49.9838
49.9839
49.984
49.9841
49.9842
49.9843
49.9833
49.9833
49.9833
49.9833
49.9834
49.9834
49.9835
49.9836
49.9837
49.9839
49.9823
49.9823
49.9823
49.9824
49.9824
49.9825
49.9826
49.9827
49.9828
49.9829
49.9808
49.9807
49.9807
49.9807
49.9808
49.9808
49.9809
49.981
49.9812
49.9814
49.9784
49.9782
49.9782
49.9781
49.9781
49.9782
49.9783
49.9784
49.9786
49.9789
49.9746
49.9744
49.9742
49.974
49.974
49.974
49.9741
49.9743
49.9746
49.9749
49.9689
49.9684
49.968
49.9677
49.9675
49.9674
49.9675
49.9677
49.9681
49.9686
49.9602
49.9591
49.9583
49.9576
49.9571
49.9568
49.9569
49.9571
49.9576
49.9584
49.9464
49.9444
49.9426
49.9412
49.9402
49.9396
49.9394
49.9397
49.9404
49.9416
49.9246
49.9205
49.917
49.9142
49.9121
49.9107
49.9102
49.9105
49.9115
49.9134
50.3746
50.4176
50.4517
50.4778
50.4967
50.509
50.515
50.515
50.5089
50.4965
50.3858
50.4292
50.4636
50.4901
50.5092
50.5217
50.5277
50.5276
50.5212
50.5086
50.3879
50.4314
50.4658
50.4923
50.5114
50.5239
50.5299
50.5297
50.5233
50.5106
50.3839
50.4273
50.4617
50.4881
50.5073
50.5197
50.5258
50.5257
50.5194
50.5068
50.3881
50.4316
50.4661
50.4925
50.5117
50.5241
50.5301
50.5299
50.5235
50.5107
50.3798
50.4232
50.4576
50.484
50.5031
50.5156
50.5216
50.5215
50.5152
50.5026
50.3676
50.411
50.4454
50.4718
50.4908
50.5032
50.5091
50.5088
50.5024
50.4896
50.309
50.3517
50.3854
50.4111
50.4295
50.4411
50.4464
50.4454
50.4383
50.4248
50.1179
50.1555
50.184
50.2042
50.217
50.2229
50.2223
50.2154
50.2022
50.1826
49.4164
49.3997
49.3695
49.3284
49.279
49.2235
49.1635
49.1001
49.0336
48.9639
130.169
130.177
130.183
130.189
130.192
130.194
130.194
130.192
130.189
130.183
130.185
130.193
130.2
130.205
130.208
130.21
130.21
130.208
130.204
130.199
130.181
130.189
130.195
130.2
130.204
130.206
130.206
130.204
130.2
130.195
130.192
130.199
130.206
130.211
130.214
130.216
130.216
130.214
130.21
130.204
130.174
130.181
130.188
130.193
130.197
130.199
130.199
130.197
130.193
130.188
130.176
130.184
130.19
130.195
130.199
130.2
130.2
130.198
130.194
130.188
130.124
130.132
130.138
130.143
130.146
130.147
130.147
130.145
130.141
130.135
129.968
129.974
129.978
129.981
129.983
129.982
129.98
129.975
129.969
129.961
129.409
129.401
129.39
129.378
129.363
129.346
129.327
129.306
129.283
129.257
127.99
127.869
127.733
127.584
127.425
127.259
127.088
126.914
126.739
126.561
190.068
190.069
190.07
190.07
190.071
190.07
190.069
190.068
190.066
190.063
190.078
190.079
190.08
190.08
190.08
190.08
190.079
190.077
190.075
190.072
190.087
190.088
190.089
190.089
190.089
190.088
190.087
190.085
190.083
190.08
190.068
190.069
190.07
190.071
190.071
190.07
190.07
190.068
190.066
190.064
190.087
190.089
190.09
190.09
190.09
190.089
190.088
190.085
190.083
190.08
190.049
190.051
190.052
190.052
190.052
190.052
190.051
190.049
190.047
190.045
189.995
189.996
189.996
189.996
189.996
189.995
189.993
189.991
189.988
189.985
189.731
189.729
189.727
189.724
189.721
189.717
189.712
189.707
189.701
189.695
188.915
188.891
188.866
188.84
188.812
188.783
188.752
188.721
188.688
188.653
187.332
187.175
187
186.81
186.604
186.383
186.149
185.903
185.645
185.376
230.007
230.007
230.007
230.006
230.006
230.006
230.005
230.004
230.003
230.002
230.017
230.017
230.017
230.017
230.016
230.015
230.015
230.013
230.012
230.011
230.007
230.007
230.007
230.007
230.006
230.006
230.005
230.005
230.004
230.003
230.028
230.028
230.028
230.027
230.027
230.026
230.025
230.023
230.021
230.02
229.993
229.993
229.993
229.993
229.992
229.992
229.992
229.991
229.991
229.99
229.997
229.997
229.997
229.996
229.996
229.995
229.994
229.992
229.991
229.989
229.895
229.895
229.894
229.894
229.893
229.892
229.89
229.889
229.888
229.886
229.592
229.588
229.584
229.579
229.574
229.569
229.564
229.558
229.552
229.545
228.552
228.521
228.489
228.456
228.421
228.385
228.348
228.311
228.272
228.232
227.086
226.915
226.729
226.527
226.305
226.063
225.799
225.513
225.204
224.874
249.965
249.965
249.965
249.965
249.965
249.965
249.964
249.964
249.964
249.963
249.965
249.965
249.965
249.964
249.964
249.964
249.964
249.964
249.963
249.963
249.976
249.976
249.976
249.976
249.975
249.975
249.974
249.974
249.973
249.972
249.95
249.95
249.95
249.95
249.95
249.95
249.951
249.951
249.951
249.951
249.977
249.977
249.977
249.976
249.976
249.975
249.974
249.974
249.972
249.971
249.924
249.924
249.924
249.924
249.924
249.924
249.924
249.924
249.924
249.924
249.848
249.848
249.847
249.846
249.845
249.844
249.843
249.842
249.841
249.84
249.482
249.478
249.473
249.468
249.464
249.459
249.454
249.448
249.443
249.438
248.385
248.351
248.315
248.279
248.241
248.201
248.161
248.119
248.076
248.032
246.975
246.798
246.609
246.405
246.181
245.933
245.659
245.356
245.025
244.666
249.93
249.931
249.931
249.931
249.931
249.931
249.931
249.932
249.932
249.932
249.931
249.931
249.931
249.931
249.931
249.931
249.931
249.932
249.932
249.932
249.919
249.919
249.919
249.919
249.92
249.92
249.921
249.921
249.922
249.923
249.941
249.941
249.941
249.941
249.941
249.941
249.941
249.941
249.94
249.94
249.903
249.903
249.904
249.904
249.904
249.905
249.906
249.907
249.908
249.909
249.907
249.907
249.907
249.907
249.907
249.907
249.907
249.907
249.907
249.906
249.795
249.794
249.794
249.794
249.794
249.793
249.793
249.793
249.793
249.793
249.459
249.455
249.451
249.446
249.441
249.436
249.431
249.426
249.421
249.416
248.322
248.289
248.254
248.217
248.18
248.142
248.102
248.062
248.021
247.979
246.952
246.775
246.586
246.382
246.158
245.91
245.636
245.333
245.002
244.644
229.897
229.897
229.897
229.898
229.898
229.898
229.899
229.9
229.901
229.902
229.887
229.887
229.887
229.887
229.888
229.889
229.889
229.891
229.892
229.893
229.896
229.896
229.896
229.896
229.896
229.897
229.897
229.898
229.899
229.9
229.873
229.873
229.874
229.874
229.875
229.876
229.877
229.879
229.88
229.882
229.896
229.896
229.896
229.896
229.896
229.897
229.897
229.897
229.898
229.899
229.85
229.85
229.85
229.85
229.851
229.852
229.853
229.854
229.856
229.858
229.78
229.78
229.78
229.779
229.779
229.779
229.779
229.779
229.78
229.78
229.45
229.446
229.442
229.438
229.435
229.431
229.428
229.424
229.421
229.418
228.447
228.416
228.384
228.351
228.316
228.281
228.246
228.209
228.171
228.133
226.963
226.791
226.605
226.403
226.183
225.942
225.68
225.395
225.089
224.762
189.853
189.852
189.851
189.85
189.85
189.851
189.852
189.853
189.855
189.858
189.843
189.842
189.841
189.84
189.84
189.841
189.842
189.843
189.845
189.848
189.834
189.833
189.832
189.832
189.832
189.832
189.834
189.836
189.838
189.841
189.849
189.848
189.847
189.846
189.846
189.846
189.847
189.848
189.85
189.852
189.823
189.822
189.821
189.821
189.821
189.822
189.824
189.826
189.828
189.832
189.825
189.823
189.822
189.822
189.822
189.822
189.823
189.824
189.826
189.828
189.745
189.743
189.742
189.741
189.741
189.742
189.742
189.744
189.746
189.748
189.503
189.498
189.494
189.49
189.487
189.483
189.481
189.479
189.477
189.476
188.66
188.633
188.607
188.579
188.552
188.524
188.496
188.468
188.44
188.412
187.122
186.962
186.785
186.593
186.386
186.166
185.934
185.69
185.436
185.172
129.776
129.769
129.762
129.757
129.754
129.752
129.752
129.753
129.757
129.762
129.76
129.753
129.746
129.741
129.738
129.736
129.736
129.738
129.742
129.747
129.764
129.756
129.75
129.744
129.741
129.739
129.739
129.741
129.744
129.75
129.753
129.745
129.739
129.734
129.731
129.729
129.73
129.732
129.736
129.742
129.764
129.756
129.749
129.744
129.74
129.738
129.738
129.74
129.743
129.749
129.741
129.733
129.727
129.722
129.718
129.717
129.717
129.719
129.723
129.729
129.705
129.697
129.69
129.685
129.681
129.679
129.679
129.68
129.684
129.689
129.536
129.526
129.518
129.51
129.505
129.501
129.499
129.499
129.5
129.503
128.996
128.972
128.948
128.925
128.903
128.883
128.864
128.846
128.83
128.815
127.587
127.45
127.301
127.142
126.976
126.806
126.635
126.465
126.296
126.13
49.6045
49.5615
49.5275
49.5014
49.4824
49.4701
49.4641
49.4642
49.4703
49.4827
49.5933
49.5499
49.5154
49.489
49.4698
49.4574
49.4513
49.4514
49.4577
49.4704
49.5913
49.5478
49.5134
49.487
49.4679
49.4555
49.4495
49.4497
49.4561
49.4689
49.5944
49.5509
49.5164
49.4899
49.4707
49.4582
49.452
49.4521
49.4583
49.4708
49.5889
49.5455
49.5111
49.4847
49.4656
49.4533
49.4474
49.4476
49.4541
49.467
49.589
49.5456
49.5111
49.4846
49.4654
49.4529
49.4467
49.4468
49.453
49.4656
49.5715
49.528
49.4935
49.467
49.4478
49.4353
49.4292
49.4294
49.4357
49.4483
49.5174
49.4733
49.4381
49.4109
49.3909
49.3776
49.3707
49.37
49.3754
49.3872
49.321
49.2717
49.2312
49.1986
49.173
49.1541
49.1415
49.135
49.1345
49.1403
48.6466
48.5438
48.4454
48.3519
48.2644
48.1842
48.112
48.0486
47.9943
47.9495
44.5191
45.0293
42.3261
39.3678
36.6543
34.4881
33.0039
32.189
31.9043
31.9147
42.1198
40.6106
38.4897
36.1444
33.8577
31.9281
30.5535
29.7869
29.5352
29.584
39.4435
37.6551
35.1882
32.7356
30.5181
28.7191
27.465
26.7879
26.6019
26.7064
38.3271
36.3525
33.5005
30.6388
28.1049
26.1206
24.7948
24.1201
23.9733
24.1284
38.1056
36.0734
32.966
29.7243
26.7899
24.4717
22.9244
22.1436
21.9777
22.1581
38.3149
36.3042
33.0803
29.5963
26.3559
23.7391
21.9578
21.0355
20.8152
20.994
38.645
36.6854
33.4483
29.8716
26.4831
23.6996
21.7703
20.7447
20.4716
20.6324
38.9245
37.0193
33.8363
30.2899
26.9044
24.101
22.1383
21.0767
20.773
20.9099
39.1047
37.249
34.1586
30.7242
27.4498
24.7375
22.8335
21.7946
21.4839
21.5974
39.2198
37.4118
34.4306
31.1458
28.0346
25.4689
23.6707
22.6858
22.3821
22.4748
132.063
134.906
131.305
126.733
122.178
118.26
115.295
113.334
112.195
111.519
126.334
125.17
123.264
120.441
117.093
113.827
111.137
109.262
108.152
107.515
120.978
119.2
116.505
113.47
110.321
107.372
104.948
103.248
102.254
101.712
119.08
116.887
113.21
109.08
105.044
101.54
98.8589
97.109
96.179
95.7437
118.942
116.605
112.217
107.008
101.821
97.3441
94.0063
91.93
90.9285
90.5541
119.508
117.172
112.363
106.374
100.239
94.853
90.8136
88.3207
87.1669
86.7994
120.103
117.798
112.769
106.325
99.5978
93.6115
89.0762
86.2624
84.968
84.5779
120.353
118.047
112.907
106.262
99.283
93.0407
88.288
85.3243
83.9535
83.538
120.19
117.819
112.598
105.898
98.9003
92.6614
87.9176
84.9563
83.5782
83.151
119.779
117.282
111.961
105.262
98.3529
92.249
87.6358
84.7631
83.4215
82.9965
198.799
201.584
200.852
199.268
197.274
195.173
193.166
191.354
189.744
188.264
194.576
194.836
195.177
194.833
193.74
192.135
190.32
188.537
186.903
185.403
191.072
190.705
190.222
189.478
188.319
186.779
185.034
183.296
181.698
180.243
190.19
189.406
187.855
185.835
183.54
181.174
178.943
176.999
175.384
174.002
190.553
189.589
187.156
183.784
180.011
176.358
173.216
170.785
169.03
167.697
191.218
190.163
187.049
182.529
177.405
172.477
168.36
165.353
163.391
162.075
191.513
190.332
186.644
181.219
175.044
169.119
164.224
160.745
158.606
157.297
191.044
189.627
185.378
179.226
172.294
165.703
160.315
156.553
154.322
153.04
189.8
187.986
183.089
176.274
168.776
161.771
156.133
152.266
150.038
148.82
188.108
185.729
180.061
172.573
164.59
157.304
151.555
147.692
145.532
144.413
240.551
241.642
244.384
246.906
248.776
249.738
249.71
248.769
247.129
245.107
240.326
241.783
244.201
246.617
248.457
249.377
249.264
248.212
246.464
244.348
240.946
241.994
243.776
245.544
246.813
247.27
246.815
245.541
243.675
241.51
242.001
242.786
243.737
244.375
244.476
243.934
242.764
241.083
239.065
236.891
243.045
243.663
243.79
243.135
241.78
239.91
237.75
235.494
233.269
231.102
243.634
244.053
243.34
241.381
238.538
235.286
232.073
229.199
226.753
224.606
243.335
243.423
241.786
238.54
234.3
229.787
225.633
222.219
219.6
217.504
241.864
241.424
238.705
234.15
228.616
223.018
218.107
214.299
211.596
209.599
239.313
238.082
234.03
228.061
221.274
214.731
209.236
205.182
202.496
200.664
236.157
233.852
228.214
220.713
212.675
205.268
199.301
195.106
192.513
190.899
260.045
259.695
264.541
269.672
274.075
277.111
278.488
278.242
276.704
274.441
262.828
264.891
268.424
272.461
276.132
278.703
279.769
279.299
277.59
275.184
266.54
268.396
271.47
274.703
277.44
279.159
279.573
278.676
276.732
274.206
269.064
270.8
273.276
275.55
277.154
277.789
277.346
275.906
273.71
271.11
270.614
272.213
273.964
275.07
275.318
274.672
273.233
271.184
268.739
266.111
271.128
272.46
273.306
273.071
271.819
269.795
267.31
264.645
261.982
259.373
270.384
271.247
270.953
269.216
266.388
262.977
259.483
256.261
253.438
250.909
268.209
268.345
266.627
263.204
258.739
253.981
249.571
245.891
242.996
240.618
264.776
263.859
260.345
254.999
248.814
242.747
237.523
233.502
230.633
228.488
260.651
258.321
252.671
245.203
237.233
229.89
223.935
219.665
216.903
215.058
260.043
259.687
264.54
269.681
274.094
277.139
278.522
278.278
276.741
274.478
262.838
264.902
268.438
272.48
276.157
278.735
279.806
279.338
277.629
275.223
266.561
268.418
271.495
274.732
277.473
279.196
279.613
278.718
276.774
274.247
269.087
270.826
273.305
275.583
277.191
277.829
277.388
275.948
273.752
271.152
270.635
272.237
273.992
275.101
275.352
274.709
273.272
271.223
268.778
266.149
271.144
272.478
273.327
273.095
271.846
269.824
267.341
264.677
262.013
259.404
270.393
271.257
270.965
269.23
266.404
262.995
259.503
256.281
253.459
250.929
268.212
268.348
266.629
263.207
258.742
253.985
249.576
245.897
243.002
240.624
264.773
263.855
260.338
254.99
248.803
242.735
237.51
233.489
230.62
228.476
260.644
258.311
252.656
245.182
237.207
229.86
223.902
219.631
216.87
215.025
240.553
241.627
244.393
246.945
248.845
249.832
249.821
248.889
247.251
245.227
240.359
241.822
244.25
246.68
248.54
249.477
249.377
248.333
246.586
244.469
241.006
242.06
243.85
245.628
246.909
247.377
246.93
245.66
243.794
241.628
242.066
242.857
243.818
244.465
244.575
244.04
242.875
241.196
239.176
237.001
243.102
243.727
243.863
243.217
241.869
240.005
237.847
235.593
233.367
231.198
243.676
244.1
243.393
241.441
238.604
235.358
232.149
229.276
226.829
224.681
243.359
243.448
241.814
238.572
234.337
229.829
225.678
222.267
219.648
217.551
241.87
241.428
238.708
234.153
228.62
223.024
218.116
214.31
211.608
209.611
239.305
238.071
234.011
228.036
221.244
214.698
209.201
205.148
202.462
200.631
236.138
233.826
228.174
220.658
212.607
205.19
199.217
195.02
192.428
190.816
198.826
201.592
200.899
199.363
197.414
195.351
193.369
191.569
189.962
188.477
194.64
194.91
195.267
194.947
193.883
192.303
190.508
188.734
187.102
185.598
191.162
190.803
190.332
189.602
188.458
186.932
185.199
183.466
181.868
180.41
190.278
189.503
187.962
185.953
183.665
181.307
179.081
177.139
175.523
174.138
190.627
189.67
187.246
183.881
180.114
176.464
173.326
170.895
169.138
167.803
191.27
190.22
187.11
182.595
177.475
172.552
168.437
165.431
163.468
162.15
191.541
190.36
186.674
181.25
175.078
169.157
164.264
160.787
158.649
157.339
191.049
189.629
185.377
179.223
172.291
165.701
160.316
156.556
154.326
153.045
189.788
187.969
183.063
176.24
168.736
161.727
156.088
152.221
149.994
148.778
188.083
185.695
180.012
172.506
164.508
157.212
151.457
147.592
145.434
144.318
132.133
134.968
131.41
126.889
122.382
118.5
115.56
113.61
112.471
111.789
126.419
125.267
123.379
120.583
117.263
114.023
111.352
109.485
108.375
107.734
121.067
119.295
116.61
113.588
110.452
107.516
105.102
103.406
102.412
101.867
119.156
116.968
113.297
109.172
105.141
101.641
98.9634
97.2146
96.2837
95.8462
119.002
116.668
112.283
107.076
101.89
97.4129
94.0748
91.9977
90.9949
90.6189
119.548
117.213
112.405
106.417
100.28
94.8938
90.8538
88.3604
87.2056
86.8369
120.122
117.816
112.786
106.34
99.6121
93.626
89.0914
86.2783
84.9839
84.5932
120.354
118.044
112.901
106.251
99.2715
93.0296
88.2782
85.3162
83.9464
83.5313
120.178
117.802
112.573
105.867
98.8639
92.6225
87.8784
84.9181
83.5414
83.1153
119.756
117.252
111.92
105.209
98.2895
92.1791
87.5631
84.6906
83.3508
82.9276
44.5891
45.1065
42.4249
39.491
36.7999
34.651
33.1775
32.3666
32.0805
32.0863
42.1725
40.668
38.5561
36.223
33.9496
32.0314
30.6647
29.9014
29.6492
29.6953
39.4806
37.6922
35.2275
32.7791
30.5671
28.7735
27.5236
26.8487
26.6626
26.7658
38.3535
36.3785
33.5263
30.6646
28.1313
26.148
24.8232
24.149
24.002
24.1565
38.1254
36.0931
32.9846
29.7413
26.8051
24.4855
22.9374
22.1559
21.9897
22.1697
38.3277
36.3168
33.0914
29.6054
26.363
23.7445
21.9622
21.0392
20.8186
20.9971
38.6496
36.689
33.4502
29.8718
26.482
23.6979
21.7685
20.7429
20.4699
20.6305
38.9219
37.0149
33.8297
30.2817
26.8957
24.0925
22.1306
21.0698
20.7668
20.9038
39.0974
37.2396
34.1465
30.7097
27.434
24.7215
22.818
21.7799
21.4701
21.5841
39.209
37.3984
34.4134
31.1249
28.0109
25.444
23.6459
22.6618
22.3592
22.4527
49.9916
49.9898
49.9896
49.9896
49.9896
49.9896
49.9896
49.9896
49.9896
49.9896
49.9916
49.9898
49.9896
49.9896
49.9896
49.9896
49.9896
49.9896
49.9896
49.9896
49.9918
49.9898
49.9896
49.9896
49.9896
49.9896
49.9896
49.9896
49.9896
49.9896
49.992
49.9899
49.9896
49.9896
49.9896
49.9896
49.9896
49.9896
49.9896
49.9896
49.9924
49.9899
49.9896
49.9896
49.9896
49.9896
49.9896
49.9896
49.9896
49.9896
49.9929
49.9899
49.9896
49.9896
49.9896
49.9896
49.9896
49.9896
49.9896
49.9896
49.9935
49.9899
49.9896
49.9896
49.9896
49.9896
49.9896
49.9896
49.9896
49.9896
49.9943
49.99
49.9896
49.9896
49.9896
49.9896
49.9896
49.9896
49.9896
49.9896
49.9953
49.99
49.9896
49.9896
49.9896
49.9896
49.9896
49.9896
49.9896
49.9896
49.9966
49.9901
49.9896
49.9896
49.9896
49.9896
49.9896
49.9896
49.9896
49.9896
129.978
129.974
129.973
129.973
129.973
129.973
129.973
129.973
129.973
129.973
129.978
129.974
129.973
129.973
129.973
129.973
129.973
129.973
129.973
129.973
129.978
129.974
129.973
129.973
129.973
129.973
129.973
129.973
129.973
129.973
129.979
129.974
129.973
129.973
129.973
129.973
129.973
129.973
129.973
129.973
129.979
129.974
129.973
129.973
129.973
129.973
129.973
129.973
129.973
129.973
129.98
129.974
129.973
129.973
129.973
129.973
129.973
129.973
129.973
129.973
129.981
129.974
129.973
129.973
129.973
129.973
129.973
129.973
129.973
129.973
129.982
129.974
129.973
129.973
129.973
129.973
129.973
129.973
129.973
129.973
129.984
129.974
129.973
129.973
129.973
129.973
129.973
129.973
129.973
129.973
129.985
129.974
129.973
129.973
129.973
129.973
129.973
129.973
129.973
129.973
189.966
189.961
189.96
189.96
189.96
189.96
189.96
189.96
189.96
189.96
189.966
189.961
189.96
189.96
189.96
189.96
189.96
189.96
189.96
189.96
189.966
189.961
189.96
189.96
189.96
189.96
189.96
189.96
189.96
189.96
189.967
189.961
189.96
189.96
189.96
189.96
189.96
189.96
189.96
189.96
189.967
189.961
189.96
189.96
189.96
189.96
189.96
189.96
189.96
189.96
189.968
189.961
189.96
189.96
189.96
189.96
189.96
189.96
189.96
189.96
189.969
189.961
189.96
189.96
189.96
189.96
189.96
189.96
189.96
189.96
189.97
189.961
189.96
189.96
189.96
189.96
189.96
189.96
189.96
189.96
189.971
189.962
189.96
189.96
189.96
189.96
189.96
189.96
189.96
189.96
189.972
189.962
189.961
189.96
189.96
189.96
189.96
189.96
189.96
189.96
229.956
229.953
229.952
229.952
229.952
229.952
229.952
229.952
229.952
229.952
229.956
229.953
229.952
229.952
229.952
229.952
229.952
229.952
229.952
229.952
229.957
229.953
229.952
229.952
229.952
229.952
229.952
229.952
229.952
229.952
229.957
229.953
229.952
229.952
229.952
229.952
229.952
229.952
229.952
229.952
229.957
229.953
229.952
229.952
229.952
229.952
229.952
229.952
229.952
229.952
229.958
229.953
229.952
229.952
229.952
229.952
229.952
229.952
229.952
229.952
229.958
229.953
229.952
229.952
229.952
229.952
229.952
229.952
229.952
229.952
229.959
229.953
229.952
229.952
229.952
229.952
229.952
229.952
229.952
229.952
229.959
229.953
229.952
229.952
229.952
229.952
229.952
229.952
229.952
229.952
229.96
229.953
229.952
229.952
229.952
229.952
229.952
229.952
229.952
229.952
249.949
249.948
249.948
249.948
249.948
249.948
249.948
249.948
249.948
249.948
249.949
249.948
249.948
249.948
249.948
249.948
249.948
249.948
249.948
249.948
249.95
249.948
249.948
249.948
249.948
249.948
249.948
249.948
249.948
249.948
249.95
249.948
249.948
249.948
249.948
249.948
249.948
249.948
249.948
249.948
249.95
249.948
249.948
249.948
249.948
249.948
249.948
249.948
249.948
249.948
249.95
249.948
249.948
249.948
249.948
249.948
249.948
249.948
249.948
249.948
249.95
249.948
249.948
249.948
249.948
249.948
249.948
249.948
249.948
249.948
249.95
249.948
249.948
249.948
249.948
249.948
249.948
249.948
249.948
249.948
249.951
249.948
249.948
249.948
249.948
249.948
249.948
249.948
249.948
249.948
249.951
249.948
249.948
249.948
249.948
249.948
249.948
249.948
249.948
249.948
249.946
249.948
249.948
249.948
249.948
249.948
249.948
249.948
249.948
249.948
249.946
249.948
249.948
249.948
249.948
249.948
249.948
249.948
249.948
249.948
249.946
249.948
249.948
249.948
249.948
249.948
249.948
249.948
249.948
249.948
249.946
249.948
249.948
249.948
249.948
249.948
249.948
249.948
249.948
249.948
249.946
249.948
249.948
249.948
249.948
249.948
249.948
249.948
249.948
249.948
249.946
249.948
249.948
249.948
249.948
249.948
249.948
249.948
249.948
249.948
249.946
249.948
249.948
249.948
249.948
249.948
249.948
249.948
249.948
249.948
249.945
249.948
249.948
249.948
249.948
249.948
249.948
249.948
249.948
249.948
249.945
249.948
249.948
249.948
249.948
249.948
249.948
249.948
249.948
249.948
249.945
249.947
249.948
249.948
249.948
249.948
249.948
249.948
249.948
249.948
229.948
229.951
229.952
229.952
229.952
229.952
229.952
229.952
229.952
229.952
229.948
229.951
229.952
229.952
229.952
229.952
229.952
229.952
229.952
229.952
229.947
229.951
229.952
229.952
229.952
229.952
229.952
229.952
229.952
229.952
229.947
229.951
229.952
229.952
229.952
229.952
229.952
229.952
229.952
229.952
229.947
229.951
229.952
229.952
229.952
229.952
229.952
229.952
229.952
229.952
229.946
229.951
229.952
229.952
229.952
229.952
229.952
229.952
229.952
229.952
229.946
229.951
229.952
229.952
229.952
229.952
229.952
229.952
229.952
229.952
229.945
229.951
229.952
229.952
229.952
229.952
229.952
229.952
229.952
229.952
229.945
229.951
229.952
229.952
229.952
229.952
229.952
229.952
229.952
229.952
229.944
229.951
229.952
229.952
229.952
229.952
229.952
229.952
229.952
229.952
189.955
189.96
189.96
189.96
189.96
189.96
189.96
189.96
189.96
189.96
189.955
189.96
189.96
189.96
189.96
189.96
189.96
189.96
189.96
189.96
189.954
189.96
189.96
189.96
189.96
189.96
189.96
189.96
189.96
189.96
189.954
189.96
189.96
189.96
189.96
189.96
189.96
189.96
189.96
189.96
189.953
189.959
189.96
189.96
189.96
189.96
189.96
189.96
189.96
189.96
189.953
189.959
189.96
189.96
189.96
189.96
189.96
189.96
189.96
189.96
189.952
189.959
189.96
189.96
189.96
189.96
189.96
189.96
189.96
189.96
189.951
189.959
189.96
189.96
189.96
189.96
189.96
189.96
189.96
189.96
189.95
189.959
189.96
189.96
189.96
189.96
189.96
189.96
189.96
189.96
189.948
189.959
189.96
189.96
189.96
189.96
189.96
189.96
189.96
189.96
129.968
129.972
129.973
129.973
129.973
129.973
129.973
129.973
129.973
129.973
129.968
129.972
129.973
129.973
129.973
129.973
129.973
129.973
129.973
129.973
129.968
129.972
129.973
129.973
129.973
129.973
129.973
129.973
129.973
129.973
129.967
129.972
129.973
129.973
129.973
129.973
129.973
129.973
129.973
129.973
129.966
129.972
129.973
129.973
129.973
129.973
129.973
129.973
129.973
129.973
129.966
129.972
129.973
129.973
129.973
129.973
129.973
129.973
129.973
129.973
129.965
129.972
129.973
129.973
129.973
129.973
129.973
129.973
129.973
129.973
129.964
129.972
129.973
129.973
129.973
129.973
129.973
129.973
129.973
129.973
129.962
129.972
129.973
129.973
129.973
129.973
129.973
129.973
129.973
129.973
129.96
129.972
129.973
129.973
129.973
129.973
129.973
129.973
129.973
129.973
49.9876
49.9893
49.9895
49.9896
49.9896
49.9896
49.9896
49.9896
49.9896
49.9896
49.9875
49.9893
49.9895
49.9896
49.9896
49.9896
49.9896
49.9896
49.9896
49.9896
49.9873
49.9893
49.9895
49.9896
49.9896
49.9896
49.9896
49.9896
49.9896
49.9896
49.9871
49.9893
49.9895
49.9896
49.9896
49.9896
49.9896
49.9896
49.9896
49.9896
49.9868
49.9893
49.9895
49.9896
49.9896
49.9896
49.9896
49.9896
49.9896
49.9896
49.9863
49.9892
49.9895
49.9896
49.9896
49.9896
49.9896
49.9896
49.9896
49.9896
49.9857
49.9892
49.9895
49.9896
49.9896
49.9896
49.9896
49.9896
49.9896
49.9896
49.9849
49.9892
49.9895
49.9896
49.9896
49.9896
49.9896
49.9896
49.9896
49.9896
49.9838
49.9891
49.9895
49.9896
49.9896
49.9896
49.9896
49.9896
49.9896
49.9896
49.9825
49.9891
49.9895
49.9896
49.9896
49.9896
49.9896
49.9896
49.9896
49.9896
50.0111
49.9905
49.9896
49.9896
49.9896
49.9896
49.9896
49.9896
49.9896
49.9896
50.0129
49.9906
49.9896
49.9896
49.9896
49.9896
49.9896
49.9896
49.9896
49.9896
50.013
49.9906
49.9896
49.9896
49.9896
49.9896
49.9896
49.9896
49.9896
49.9896
50.0127
49.9904
49.9895
49.9895
49.9895
49.9896
49.9896
49.9896
49.9896
49.9896
50.0118
49.9897
49.9891
49.9893
49.9895
49.9895
49.9896
49.9896
49.9896
49.9896
50.0077
49.9867
49.9875
49.9887
49.9892
49.9895
49.9895
49.9896
49.9896
49.9896
49.9898
49.9745
49.9818
49.9865
49.9885
49.9893
49.9895
49.9895
49.9896
49.9896
49.9083
49.9246
49.9618
49.9799
49.9866
49.9887
49.9894
49.9895
49.9896
49.9896
49.5059
49.7243
49.8966
49.9623
49.9822
49.9877
49.9891
49.9895
49.9895
49.9896
47.0857
48.9602
49.7174
49.9245
49.9746
49.9862
49.9888
49.9894
49.9895
49.9896
130.002
129.975
129.973
129.973
129.973
129.973
129.973
129.973
129.973
129.973
130.005
129.975
129.973
129.973
129.973
129.973
129.973
129.973
129.973
129.973
130.005
129.975
129.973
129.973
129.973
129.973
129.973
129.973
129.973
129.973
130.005
129.975
129.973
129.973
129.973
129.973
129.973
129.973
129.973
129.973
130.002
129.973
129.971
129.972
129.973
129.973
129.973
129.973
129.973
129.973
129.99
129.964
129.967
129.97
129.972
129.973
129.973
129.973
129.973
129.973
129.938
129.929
129.95
129.964
129.97
129.972
129.973
129.973
129.973
129.973
129.702
129.784
129.892
129.945
129.964
129.97
129.972
129.973
129.973
129.973
128.549
129.203
129.703
129.894
129.952
129.967
129.972
129.973
129.973
129.973
121.967
127.006
129.184
129.784
129.929
129.963
129.971
129.972
129.973
129.973
189.985
189.963
189.961
189.96
189.96
189.96
189.96
189.96
189.96
189.96
189.988
189.963
189.961
189.96
189.96
189.96
189.96
189.96
189.96
189.96
189.989
189.963
189.96
189.96
189.96
189.96
189.96
189.96
189.96
189.96
189.987
189.962
189.96
189.96
189.96
189.96
189.96
189.96
189.96
189.96
189.983
189.959
189.958
189.959
189.96
189.96
189.96
189.96
189.96
189.96
189.965
189.945
189.951
189.956
189.959
189.96
189.96
189.96
189.96
189.96
189.884
189.89
189.925
189.946
189.956
189.959
189.96
189.96
189.96
189.96
189.517
189.665
189.835
189.917
189.947
189.957
189.959
189.96
189.96
189.96
187.75
188.764
189.54
189.837
189.927
189.952
189.958
189.96
189.96
189.96
178.206
185.385
188.734
189.666
189.893
189.945
189.957
189.96
189.96
189.96
229.968
229.954
229.952
229.952
229.952
229.952
229.952
229.952
229.952
229.952
229.97
229.954
229.952
229.952
229.952
229.952
229.952
229.952
229.952
229.952
229.97
229.954
229.952
229.952
229.952
229.952
229.952
229.952
229.952
229.952
229.969
229.953
229.951
229.952
229.952
229.952
229.952
229.952
229.952
229.952
229.963
229.949
229.949
229.951
229.951
229.952
229.952
229.952
229.952
229.952
229.94
229.932
229.94
229.947
229.95
229.951
229.952
229.952
229.952
229.952
229.838
229.862
229.907
229.934
229.946
229.95
229.951
229.952
229.952
229.952
229.378
229.578
229.794
229.897
229.935
229.947
229.951
229.952
229.952
229.952
227.184
228.446
229.423
229.797
229.91
229.941
229.949
229.951
229.952
229.952
215.865
224.239
228.41
229.582
229.867
229.933
229.948
229.951
229.952
229.952
249.953
249.948
249.948
249.948
249.948
249.948
249.948
249.948
249.948
249.948
249.954
249.948
249.948
249.948
249.948
249.948
249.948
249.948
249.948
249.948
249.954
249.948
249.948
249.948
249.948
249.948
249.948
249.948
249.948
249.948
249.952
249.947
249.947
249.947
249.948
249.948
249.948
249.948
249.948
249.948
249.947
249.943
249.944
249.946
249.947
249.948
249.948
249.948
249.948
249.948
249.92
249.924
249.935
249.942
249.946
249.947
249.948
249.948
249.948
249.948
249.808
249.847
249.898
249.928
249.941
249.946
249.947
249.948
249.948
249.948
249.298
249.532
249.772
249.887
249.929
249.943
249.946
249.948
249.948
249.948
246.888
248.279
249.361
249.776
249.902
249.936
249.945
249.947
249.948
249.948
234.766
243.648
248.241
249.538
249.853
249.927
249.943
249.947
249.948
249.948
249.942
249.947
249.948
249.948
249.948
249.948
249.948
249.948
249.948
249.948
249.941
249.947
249.948
249.948
249.948
249.948
249.948
249.948
249.948
249.948
249.941
249.947
249.948
249.948
249.948
249.948
249.948
249.948
249.948
249.948
249.94
249.946
249.947
249.947
249.948
249.948
249.948
249.948
249.948
249.948
249.933
249.941
249.944
249.946
249.947
249.948
249.948
249.948
249.948
249.948
249.908
249.922
249.934
249.942
249.946
249.947
249.948
249.948
249.948
249.948
249.795
249.845
249.898
249.928
249.941
249.946
249.947
249.948
249.948
249.948
249.285
249.531
249.772
249.887
249.929
249.943
249.946
249.948
249.948
249.948
246.874
248.277
249.361
249.776
249.902
249.936
249.945
249.947
249.948
249.948
234.758
243.646
248.241
249.538
249.853
249.927
249.943
249.947
249.948
249.948
229.936
229.95
229.952
229.952
229.952
229.952
229.952
229.952
229.952
229.952
229.934
229.95
229.952
229.952
229.952
229.952
229.952
229.952
229.952
229.952
229.933
229.95
229.952
229.952
229.952
229.952
229.952
229.952
229.952
229.952
229.931
229.949
229.951
229.952
229.952
229.952
229.952
229.952
229.952
229.952
229.926
229.945
229.949
229.951
229.951
229.952
229.952
229.952
229.952
229.952
229.903
229.927
229.94
229.947
229.95
229.951
229.952
229.952
229.952
229.952
229.801
229.858
229.907
229.934
229.946
229.95
229.951
229.952
229.952
229.952
229.339
229.574
229.793
229.897
229.935
229.947
229.951
229.952
229.952
229.952
227.146
228.441
229.422
229.797
229.91
229.941
229.949
229.951
229.952
229.952
215.84
224.235
228.41
229.582
229.867
229.933
229.948
229.951
229.952
229.952
189.936
189.958
189.96
189.96
189.96
189.96
189.96
189.96
189.96
189.96
189.932
189.958
189.96
189.96
189.96
189.96
189.96
189.96
189.96
189.96
189.931
189.957
189.96
189.96
189.96
189.96
189.96
189.96
189.96
189.96
189.931
189.957
189.96
189.96
189.96
189.96
189.96
189.96
189.96
189.96
189.926
189.953
189.958
189.959
189.96
189.96
189.96
189.96
189.96
189.96
189.908
189.94
189.951
189.956
189.959
189.96
189.96
189.96
189.96
189.96
189.827
189.885
189.924
189.946
189.956
189.959
189.96
189.96
189.96
189.96
189.459
189.659
189.834
189.917
189.947
189.957
189.959
189.96
189.96
189.96
187.692
188.757
189.54
189.837
189.927
189.952
189.958
189.96
189.96
189.96
178.166
185.38
188.734
189.666
189.893
189.945
189.957
189.96
189.96
189.96
129.944
129.971
129.973
129.973
129.973
129.973
129.973
129.973
129.973
129.973
129.94
129.97
129.973
129.973
129.973
129.973
129.973
129.973
129.973
129.973
129.94
129.97
129.973
129.973
129.973
129.973
129.973
129.973
129.973
129.973
129.939
129.97
129.972
129.973
129.973
129.973
129.973
129.973
129.973
129.973
129.936
129.968
129.971
129.972
129.973
129.973
129.973
129.973
129.973
129.973
129.924
129.959
129.967
129.97
129.972
129.973
129.973
129.973
129.973
129.973
129.873
129.924
129.95
129.964
129.97
129.972
129.973
129.973
129.973
129.973
129.635
129.779
129.892
129.945
129.964
129.97
129.972
129.973
129.973
129.973
128.482
129.197
129.703
129.894
129.952
129.967
129.972
129.973
129.973
129.973
121.917
127.001
129.184
129.784
129.929
129.963
129.971
129.972
129.973
129.973
49.9681
49.9886
49.9895
49.9896
49.9896
49.9896
49.9896
49.9896
49.9896
49.9896
49.9662
49.9885
49.9895
49.9896
49.9896
49.9896
49.9896
49.9896
49.9896
49.9896
49.966
49.9884
49.9895
49.9895
49.9896
49.9896
49.9896
49.9896
49.9896
49.9896
49.9658
49.9882
49.9894
49.9895
49.9895
49.9896
49.9896
49.9896
49.9896
49.9896
49.9648
49.9875
49.989
49.9893
49.9895
49.9895
49.9896
49.9896
49.9896
49.9896
49.9607
49.9845
49.9874
49.9887
49.9892
49.9895
49.9895
49.9896
49.9896
49.9896
49.9429
49.9724
49.9816
49.9865
49.9885
49.9893
49.9895
49.9895
49.9896
49.9896
49.8607
49.9224
49.9617
49.9799
49.9866
49.9887
49.9894
49.9895
49.9896
49.9896
49.4585
49.7215
49.8964
49.9623
49.9823
49.9877
49.9891
49.9895
49.9895
49.9896
47.0463
48.9579
49.7175
49.9245
49.9746
49.9862
49.9888
49.9894
49.9895
49.9896
35.6441
47.6122
49.5524
49.9019
49.9712
49.9856
49.9887
49.9894
49.9895
49.9896
34.4843
47.4729
49.5352
49.8995
49.9709
49.9856
49.9887
49.9894
49.9895
49.9896
33.5107
47.3456
49.5195
49.8974
49.9706
49.9855
49.9887
49.9894
49.9895
49.9896
32.6646
47.2315
49.5054
49.8955
49.9703
49.9855
49.9887
49.9894
49.9895
49.9896
31.9029
47.1315
49.493
49.8938
49.97
49.9855
49.9887
49.9894
49.9895
49.9896
31.2265
47.0465
49.4825
49.8924
49.9698
49.9854
49.9887
49.9894
49.9895
49.9896
30.6658
46.9773
49.474
49.8912
49.9696
49.9854
49.9887
49.9894
49.9895
49.9896
30.2493
46.9248
49.4675
49.8903
49.9695
49.9854
49.9887
49.9894
49.9895
49.9896
29.9859
46.8895
49.4632
49.8898
49.9694
49.9854
49.9887
49.9894
49.9895
49.9896
29.8648
46.8718
49.461
49.8895
49.9694
49.9853
49.9887
49.9894
49.9895
49.9896
93.185
123.217
128.709
129.719
129.92
129.961
129.97
129.972
129.973
129.973
90.506
122.826
128.659
129.712
129.919
129.961
129.97
129.972
129.973
129.973
88.1074
122.468
128.614
129.706
129.918
129.961
129.97
129.972
129.973
129.973
85.917
122.145
128.573
129.7
129.917
129.961
129.97
129.972
129.973
129.973
83.872
121.862
128.538
129.695
129.916
129.961
129.97
129.972
129.973
129.973
82.0056
121.62
128.507
129.691
129.916
129.961
129.97
129.972
129.973
129.973
80.42
121.423
128.483
129.688
129.915
129.961
129.97
129.972
129.973
129.973
79.2101
121.273
128.464
129.685
129.915
129.961
129.97
129.972
129.973
129.973
78.4194
121.172
128.452
129.683
129.914
129.961
129.97
129.972
129.973
129.973
78.0396
121.121
128.445
129.683
129.914
129.961
129.97
129.972
129.973
129.973
138.552
179.704
188.001
189.565
189.877
189.943
189.957
189.96
189.96
189.96
135.121
179.117
187.925
189.554
189.876
189.942
189.956
189.96
189.96
189.96
131.879
178.579
187.855
189.544
189.874
189.942
189.956
189.96
189.96
189.96
128.791
178.094
187.793
189.536
189.873
189.942
189.956
189.96
189.96
189.96
125.842
177.666
187.738
189.528
189.872
189.942
189.956
189.96
189.96
189.96
123.11
177.301
187.691
189.522
189.871
189.942
189.956
189.959
189.96
189.96
120.743
177.001
187.653
189.517
189.87
189.941
189.956
189.959
189.96
189.96
118.884
176.773
187.624
189.513
189.87
189.941
189.956
189.959
189.96
189.96
117.623
176.618
187.605
189.51
189.869
189.941
189.956
189.959
189.96
189.96
116.991
176.541
187.595
189.509
189.869
189.941
189.956
189.959
189.96
189.96
171.025
217.321
227.495
229.454
229.848
229.93
229.947
229.951
229.952
229.952
167.308
216.606
227.4
229.441
229.846
229.929
229.947
229.951
229.952
229.952
163.624
215.949
227.313
229.428
229.844
229.929
229.947
229.951
229.952
229.952
160.004
215.356
227.235
229.418
229.842
229.929
229.947
229.951
229.952
229.952
156.503
214.832
227.166
229.408
229.841
229.929
229.947
229.951
229.952
229.952
153.24
214.383
227.108
229.4
229.84
229.928
229.947
229.951
229.952
229.952
150.376
214.014
227.061
229.394
229.839
229.928
229.947
229.951
229.952
229.952
148.073
213.732
227.025
229.389
229.838
229.928
229.947
229.951
229.952
229.952
146.46
213.541
227
229.385
229.837
229.928
229.947
229.951
229.952
229.952
145.624
213.445
226.988
229.384
229.837
229.928
229.947
229.951
229.952
229.952
188.179
236.133
247.232
249.396
249.832
249.923
249.942
249.947
249.948
249.948
184.383
235.355
247.128
249.381
249.83
249.923
249.942
249.947
249.948
249.948
180.511
234.641
247.032
249.368
249.828
249.922
249.942
249.947
249.948
249.948
176.642
233.994
246.945
249.356
249.826
249.922
249.942
249.947
249.948
249.948
172.883
233.422
246.87
249.345
249.825
249.922
249.942
249.947
249.948
249.948
169.374
232.932
246.805
249.336
249.823
249.922
249.942
249.947
249.948
249.948
166.274
232.529
246.753
249.329
249.822
249.921
249.942
249.947
249.948
249.948
163.747
232.22
246.713
249.324
249.821
249.921
249.942
249.947
249.948
249.948
161.946
232.01
246.687
249.32
249.821
249.921
249.942
249.947
249.948
249.948
160.998
231.905
246.673
249.318
249.821
249.921
249.942
249.947
249.948
249.948
188.175
236.132
247.232
249.396
249.832
249.923
249.942
249.947
249.948
249.948
184.379
235.355
247.127
249.381
249.83
249.923
249.942
249.947
249.948
249.948
180.506
234.64
247.032
249.368
249.828
249.922
249.942
249.947
249.948
249.948
176.638
233.993
246.945
249.356
249.826
249.922
249.942
249.947
249.948
249.948
172.88
233.422
246.87
249.345
249.825
249.922
249.942
249.947
249.948
249.948
169.372
232.931
246.805
249.336
249.823
249.922
249.942
249.947
249.948
249.948
166.272
232.528
246.753
249.329
249.822
249.921
249.942
249.947
249.948
249.948
163.746
232.219
246.713
249.324
249.821
249.921
249.942
249.947
249.948
249.948
161.945
232.009
246.686
249.32
249.821
249.921
249.942
249.947
249.948
249.948
160.999
231.903
246.673
249.318
249.821
249.921
249.942
249.947
249.948
249.948
171.016
217.319
227.495
229.454
229.848
229.93
229.947
229.951
229.952
229.952
167.297
216.604
227.4
229.44
229.846
229.929
229.947
229.951
229.952
229.952
163.613
215.948
227.313
229.428
229.844
229.929
229.947
229.951
229.952
229.952
159.995
215.354
227.235
229.418
229.842
229.929
229.947
229.951
229.952
229.952
156.496
214.83
227.166
229.408
229.841
229.929
229.947
229.951
229.952
229.952
153.235
214.381
227.108
229.4
229.84
229.928
229.947
229.951
229.952
229.952
150.373
214.012
227.06
229.393
229.839
229.928
229.947
229.951
229.952
229.952
148.07
213.73
227.024
229.388
229.838
229.928
229.947
229.951
229.952
229.952
146.458
213.538
227
229.385
229.837
229.928
229.947
229.951
229.952
229.952
145.629
213.442
226.988
229.383
229.837
229.928
229.947
229.951
229.952
229.952
138.543
179.702
188.001
189.565
189.877
189.943
189.957
189.96
189.96
189.96
135.108
179.115
187.924
189.554
189.876
189.942
189.956
189.96
189.96
189.96
131.866
178.577
187.855
189.544
189.874
189.942
189.956
189.96
189.96
189.96
128.782
178.092
187.792
189.536
189.873
189.942
189.956
189.96
189.96
189.96
125.836
177.665
187.737
189.528
189.872
189.942
189.956
189.96
189.96
189.96
123.107
177.299
187.69
189.522
189.871
189.942
189.956
189.959
189.96
189.96
120.741
176.999
187.652
189.517
189.87
189.941
189.956
189.959
189.96
189.96
118.882
176.77
187.624
189.513
189.87
189.941
189.956
189.959
189.96
189.96
117.623
176.615
187.604
189.51
189.869
189.941
189.956
189.959
189.96
189.96
116.998
176.537
187.594
189.509
189.869
189.941
189.956
189.959
189.96
189.96
93.1837
123.215
128.708
129.718
129.92
129.961
129.97
129.972
129.973
129.973
90.4993
122.824
128.659
129.712
129.919
129.961
129.97
129.972
129.973
129.973
88.0998
122.466
128.613
129.705
129.918
129.961
129.97
129.972
129.973
129.973
85.9117
122.144
128.573
129.7
129.917
129.961
129.97
129.972
129.973
129.973
83.8699
121.861
128.537
129.695
129.916
129.961
129.97
129.972
129.973
129.973
82.0058
121.619
128.507
129.691
129.916
129.961
129.97
129.972
129.973
129.973
80.4204
121.422
128.482
129.688
129.915
129.961
129.97
129.972
129.973
129.973
79.2096
121.271
128.464
129.685
129.915
129.961
129.97
129.972
129.973
129.973
78.4196
121.17
128.451
129.683
129.914
129.961
129.97
129.972
129.973
129.973
78.046
121.119
128.445
129.682
129.914
129.961
129.97
129.972
129.973
129.973
35.6502
47.611
49.5522
49.9019
49.9712
49.9856
49.9887
49.9894
49.9895
49.9896
34.4864
47.4718
49.535
49.8995
49.9709
49.9856
49.9887
49.9894
49.9895
49.9896
33.5115
47.3448
49.5193
49.8974
49.9706
49.9855
49.9887
49.9894
49.9895
49.9896
32.6658
47.2311
49.5052
49.8955
49.9703
49.9855
49.9887
49.9894
49.9895
49.9896
31.905
47.1313
49.4928
49.8938
49.97
49.9854
49.9887
49.9894
49.9895
49.9896
31.2287
47.0463
49.4824
49.8923
49.9698
49.9854
49.9887
49.9894
49.9895
49.9896
30.6667
46.9771
49.4738
49.8912
49.9696
49.9854
49.9887
49.9894
49.9895
49.9896
30.248
46.9244
49.4674
49.8903
49.9695
49.9854
49.9887
49.9894
49.9895
49.9896
29.9832
46.8889
49.463
49.8897
49.9694
49.9854
49.9887
49.9894
49.9895
49.9896
29.8639
46.871
49.4608
49.8894
49.9694
49.9853
49.9887
49.9894
49.9895
49.9896
)
;

boundaryField
{
    strip0
    {
        type            fixedValue;
        value           uniform 1;
    }
    strip1
    {
        type            fixedValue;
        value           uniform -1;
    }
    back1
    {
        type            fixedValue;
        value           uniform 0;
    }
    back2
    {
        type            fixedValue;
        value           uniform 0;
    }
    back3
    {
        type            fixedValue;
        value           uniform 0;
    }
    back4
    {
        type            fixedValue;
        value           uniform 0;
    }
    back6
    {
        type            fixedValue;
        value           uniform 0;
    }
    back7
    {
        type            fixedValue;
        value           uniform 0;
    }
    back8
    {
        type            fixedValue;
        value           uniform 0;
    }
    back9
    {
        type            fixedValue;
        value           uniform 0;
    }
    front1
    {
        type            fixedValue;
        value           uniform 0;
    }
    front2
    {
        type            fixedValue;
        value           uniform 0;
    }
    front3
    {
        type            fixedValue;
        value           uniform 0;
    }
    front4
    {
        type            fixedValue;
        value           uniform 0;
    }
    front6
    {
        type            fixedValue;
        value           uniform 0;
    }
    front7
    {
        type            fixedValue;
        value           uniform 0;
    }
    front8
    {
        type            fixedValue;
        value           uniform 0;
    }
    front9
    {
        type            fixedValue;
        value           uniform 0;
    }
    defaultFaces
    {
        type            empty;
    }
}


// ************************************************************************* //
