/*--------------------------------*- C++ -*----------------------------------*\
| =========                 |                                                 |
| \\      /  F ield         | OpenFOAM: The Open Source CFD Toolbox           |
|  \\    /   O peration     | Version:  2.4.0                                 |
|   \\  /    A nd           | Web:      www.OpenFOAM.org                      |
|    \\/     M anipulation  |                                                 |
\*---------------------------------------------------------------------------*/
FoamFile
{
    version     2.0;
    format      ascii;
    class       volScalarField;
    location    "0.005";
    object      phi;
}
// * * * * * * * * * * * * * * * * * * * * * * * * * * * * * * * * * * * * * //

dimensions      [1 2 -3 0 0 -1 0];

internalField   nonuniform List<scalar> 
9000
(
0.00890524
0.0089268
0.0089681
0.00902548
0.00909341
0.00916442
0.00922925
0.00927703
0.00929577
0.00927304
0.00911956
0.00914722
0.00920064
0.00927595
0.00936716
0.00946607
0.0095622
0.00964292
0.00969388
0.00969978
0.00955429
0.00959511
0.00967476
0.00978904
0.00993124
0.0100918
0.0102578
0.0104129
0.0105376
0.0106101
0.0102211
0.0102842
0.0104083
0.0105891
0.0108195
0.011088
0.0113785
0.0116687
0.0119302
0.0121295
0.0111365
0.0112339
0.0114272
0.0117129
0.0120841
0.0125285
0.0130264
0.0135473
0.0140492
0.0144778
0.0123196
0.0124677
0.0127642
0.0132082
0.0137961
0.0145177
0.0153514
0.0162582
0.0171758
0.0180159
0.01379
0.0140106
0.0144557
0.0151315
0.0160438
0.0171918
0.01856
0.0201049
0.0217397
0.0233206
0.0155631
0.0158837
0.0165361
0.0175409
0.0189249
0.0207133
0.022916
0.0255043
0.0283742
0.0313023
0.0176456
0.0180992
0.01903
0.0204847
0.0225308
0.0252493
0.0287187
0.0329793
0.0379626
0.0433704
0.02003
0.0206527
0.0219413
0.0239841
0.0269172
0.0309252
0.0362327
0.0430714
0.0515867
0.0615981
0.0236501
0.0236721
0.0237122
0.0237631
0.0238135
0.0238493
0.0238535
0.0238071
0.0236901
0.023483
0.0241054
0.0241353
0.0241911
0.0242647
0.0243439
0.024413
0.0244531
0.0244426
0.0243588
0.0241788
0.0250218
0.0250685
0.0251574
0.0252791
0.0254194
0.0255596
0.0256769
0.0257444
0.0257333
0.0256136
0.0264103
0.0264844
0.0266273
0.0268277
0.0270688
0.0273274
0.0275743
0.0277745
0.0278889
0.0278756
0.028285
0.0283996
0.0286224
0.0289405
0.0293332
0.0297718
0.0302186
0.0306268
0.0309417
0.0311032
0.0306601
0.0308315
0.0311671
0.0316521
0.0322623
0.0329625
0.0337046
0.0344261
0.0350503
0.0354891
0.0335464
0.0337944
0.0342833
0.034997
0.0359087
0.0369772
0.0381429
0.0393238
0.0404134
0.0412829
0.0369458
0.0372941
0.0379843
0.0390014
0.0403183
0.0418901
0.0436467
0.0454846
0.0472595
0.0487846
0.0408467
0.0413218
0.0422678
0.0436739
0.0455172
0.0477543
0.0503096
0.0530598
0.0558172
0.0583176
0.0452191
0.0458486
0.0471079
0.0489943
0.0514956
0.0545784
0.0581713
0.0621396
0.0662547
0.0701586
0.0323212
0.0323137
0.0322953
0.0322595
0.0321966
0.0320946
0.0319395
0.0317161
0.0314091
0.0310041
0.0327968
0.0327941
0.032785
0.0327624
0.0327159
0.0326323
0.0324961
0.0322907
0.031999
0.0316046
0.0337496
0.0337567
0.0337669
0.0337719
0.0337596
0.0337144
0.0336183
0.0334512
0.0331921
0.0328211
0.0351816
0.0352046
0.0352455
0.0352945
0.035337
0.0353541
0.0353231
0.0352189
0.0350145
0.0346837
0.0370947
0.0371402
0.0372254
0.037338
0.0374602
0.0375683
0.0376337
0.0376237
0.037503
0.0372359
0.0394878
0.0395641
0.0397094
0.039909
0.0401409
0.0403755
0.0405762
0.0407006
0.0407017
0.040531
0.0423551
0.0424715
0.0426957
0.0430099
0.0433871
0.0437909
0.0441751
0.0444846
0.0446572
0.0446267
0.0456832
0.0458503
0.0461743
0.0466344
0.0471982
0.0478214
0.0484464
0.0490028
0.0494092
0.0495763
0.0494482
0.0496773
0.0501239
0.0507639
0.0515596
0.052458
0.053389
0.0542644
0.0549789
0.055414
0.0536141
0.0539166
0.0545087
0.0553633
0.0564376
0.0576696
0.0589758
0.060248
0.0613534
0.0621372
0.0352052
0.0351709
0.0351
0.0349886
0.0348309
0.0346195
0.0343463
0.0340026
0.0335802
0.0330714
0.0355956
0.0355632
0.0354961
0.0353899
0.0352384
0.0350337
0.0347669
0.0344286
0.0340096
0.0335016
0.0363752
0.0363468
0.0362874
0.0361919
0.0360533
0.0358625
0.0356091
0.0352821
0.0348707
0.0343649
0.037541
0.0375189
0.0374715
0.0373931
0.0372749
0.0371062
0.0368743
0.0365659
0.0361675
0.0356662
0.0390879
0.0390746
0.0390444
0.03899
0.038901
0.038764
0.0385636
0.0382827
0.0379043
0.0374119
0.0410075
0.0410061
0.0409987
0.0409766
0.0409268
0.040833
0.0406757
0.0404336
0.0400845
0.0396071
0.0432874
0.043301
0.0433229
0.0433423
0.0433434
0.0433059
0.0432057
0.0430158
0.0427078
0.0422542
0.0459097
0.045942
0.0460001
0.0460712
0.0461359
0.0461696
0.0461423
0.0460203
0.0457677
0.0453487
0.0488503
0.0489051
0.0490068
0.0491401
0.0492821
0.0494027
0.0494654
0.0494286
0.0492475
0.0488764
0.0520783
0.0521592
0.0523118
0.052518
0.0527506
0.052974
0.0531443
0.0532107
0.0531179
0.0528091
0.0338578
0.0338109
0.0337162
0.0335716
0.0333744
0.0331211
0.0328081
0.0324315
0.031988
0.0314748
0.0341433
0.034097
0.0340032
0.0338599
0.033664
0.033412
0.0330997
0.0327232
0.0322786
0.0317628
0.0347124
0.0346672
0.0345754
0.0344347
0.0342417
0.0339922
0.0336817
0.0333053
0.0328586
0.0323379
0.035561
0.0355174
0.0354287
0.0352922
0.0351038
0.0348586
0.034551
0.0341752
0.0337259
0.0331983
0.0366825
0.0366413
0.0365571
0.0364265
0.0362447
0.0360057
0.0357027
0.0353286
0.0348766
0.0343404
0.0380678
0.0380297
0.0379515
0.0378289
0.0376562
0.0374259
0.0371297
0.0367587
0.0363043
0.0357587
0.0397048
0.0396708
0.0396001
0.0394879
0.039327
0.0391083
0.0388216
0.0384558
0.0380001
0.0374444
0.041578
0.0415489
0.0414877
0.0413884
0.0412423
0.0410384
0.0407643
0.0404063
0.0399509
0.0393854
0.0436684
0.0436452
0.0435953
0.0435115
0.0433834
0.0431979
0.0429397
0.0425925
0.0421394
0.0415648
0.0459532
0.0459368
0.0459001
0.0458343
0.0457274
0.0455637
0.045325
0.0449916
0.0445431
0.0439603
0.0298148
0.0297678
0.0296735
0.0295311
0.0293395
0.0290977
0.0288044
0.0284584
0.0280589
0.0276056
0.0300108
0.0299638
0.0298695
0.0297269
0.0295351
0.0292927
0.0289983
0.0286509
0.0282494
0.0277932
0.0304012
0.0303542
0.0302597
0.0301169
0.0299245
0.029681
0.0293848
0.0290345
0.0286288
0.0281671
0.0309823
0.0309353
0.0308408
0.0306977
0.0305045
0.0302594
0.0299605
0.029606
0.0291943
0.0287244
0.0317488
0.0317019
0.0316073
0.0314639
0.0312698
0.0310228
0.0307206
0.0303607
0.0299413
0.0294607
0.0326933
0.0326465
0.0325521
0.0324085
0.0322134
0.0319643
0.0316582
0.0312921
0.0308633
0.0303698
0.0338065
0.0337599
0.0336657
0.0335221
0.0333263
0.033075
0.0327647
0.0323915
0.031952
0.0314436
0.035077
0.0350307
0.034937
0.0347937
0.0345973
0.0343439
0.0340291
0.0336483
0.0331971
0.0326719
0.0364913
0.0364455
0.0363526
0.0362097
0.0360131
0.0357578
0.0354385
0.0350496
0.0345857
0.0340424
0.0380339
0.0379889
0.0378969
0.037755
0.0375583
0.0373014
0.0369776
0.0365804
0.0361032
0.0355404
0.0241929
0.0241531
0.0240733
0.0239534
0.0237932
0.0235926
0.0233514
0.0230696
0.0227476
0.0223857
0.0243216
0.0242816
0.0242015
0.0240812
0.0239204
0.0237188
0.0234765
0.0231933
0.0228694
0.0225054
0.0245776
0.0245373
0.0244567
0.0243354
0.0241734
0.0239701
0.0237255
0.0234394
0.023112
0.0227436
0.0249584
0.0249177
0.0248363
0.0247137
0.0245498
0.024344
0.024096
0.0238057
0.023473
0.0230982
0.0254602
0.0254191
0.0253365
0.0252123
0.0250459
0.0248368
0.0245844
0.0242885
0.0239489
0.0235658
0.0260779
0.0260361
0.0259523
0.025826
0.0256567
0.0254435
0.0251859
0.0248832
0.0245351
0.0241417
0.0268051
0.0267626
0.0266773
0.0265487
0.0263759
0.026158
0.0258942
0.0255836
0.0252257
0.0248202
0.0276341
0.0275908
0.0275039
0.0273726
0.027196
0.0269729
0.0267022
0.0263827
0.0260136
0.0255944
0.0285562
0.028512
0.0284233
0.0282891
0.0281084
0.0278795
0.0276012
0.0272718
0.0268904
0.0264562
0.0295613
0.0295162
0.0294256
0.0292883
0.0291031
0.0288681
0.0285815
0.0282416
0.0278468
0.0273961
0.0177011
0.0176717
0.0176129
0.0175247
0.0174073
0.0172608
0.0170854
0.0168816
0.0166497
0.0163906
0.0177807
0.0177512
0.0176921
0.0176035
0.0174856
0.0173384
0.0171622
0.0169573
0.0167242
0.0164636
0.0179392
0.0179094
0.0178498
0.0177604
0.0176414
0.0174928
0.0173149
0.0171079
0.0168724
0.016609
0.0181747
0.0181446
0.0180842
0.0179937
0.0178731
0.0177225
0.0175421
0.017332
0.0170929
0.0168253
0.0184851
0.0184544
0.0183931
0.0183011
0.0181784
0.0180251
0.0178413
0.0176273
0.0173834
0.0171102
0.0188669
0.0188356
0.0187731
0.0186793
0.018554
0.0183975
0.0182096
0.0179906
0.0177409
0.0174609
0.0193162
0.0192843
0.0192203
0.0191243
0.0189961
0.0188357
0.0186431
0.0184183
0.0181617
0.0178738
0.0198284
0.0197956
0.0197301
0.0196316
0.0195001
0.0193353
0.0191372
0.0189059
0.0186415
0.0183445
0.0203978
0.0203643
0.0202969
0.0201957
0.0200605
0.0198909
0.0196868
0.0194482
0.0191751
0.0188681
0.0210186
0.0209841
0.0209149
0.0208107
0.0206714
0.0204966
0.020286
0.0200395
0.0197571
0.0194391
0.0107584
0.0107405
0.0107049
0.0106516
0.0105807
0.0104924
0.010387
0.0102647
0.010126
0.00997129
0.0108015
0.0107836
0.0107478
0.0106942
0.010623
0.0105343
0.0104284
0.0103055
0.0101661
0.0100106
0.0108872
0.0108692
0.0108331
0.0107791
0.0107072
0.0106177
0.0105107
0.0103867
0.0102459
0.0100889
0.0110148
0.0109965
0.0109599
0.0109052
0.0108324
0.0107416
0.0106332
0.0105074
0.0103646
0.0102053
0.0111827
0.0111641
0.011127
0.0110713
0.0109972
0.0109049
0.0107946
0.0106664
0.010521
0.0103586
0.0113894
0.0113704
0.0113325
0.0112757
0.0112001
0.0111058
0.0109931
0.0108621
0.0107133
0.0105472
0.0116326
0.0116132
0.0115744
0.0115163
0.0114388
0.0113423
0.0112267
0.0110924
0.0109398
0.0107692
0.0119098
0.0118899
0.0118501
0.0117904
0.0117109
0.0116117
0.011493
0.0113549
0.0111979
0.0110224
0.0122181
0.0121977
0.0121567
0.0120954
0.0120136
0.0119115
0.0117892
0.0116469
0.011485
0.0113039
0.0125543
0.0125332
0.0124911
0.0124278
0.0123436
0.0122383
0.0121122
0.0119653
0.0117981
0.0116109
0.00360622
0.00360027
0.00358838
0.0035706
0.00354696
0.00351755
0.00348246
0.0034418
0.00339571
0.00334439
0.00361984
0.00361386
0.00360192
0.00358406
0.00356032
0.00353077
0.00349552
0.00345466
0.00340836
0.00335679
0.00364694
0.00364091
0.00362887
0.00361085
0.0035869
0.00355708
0.0035215
0.00348027
0.00343354
0.00338147
0.00368724
0.00368113
0.00366893
0.00365068
0.00362642
0.00359621
0.00356015
0.00351836
0.00347097
0.00341817
0.00374032
0.00373411
0.00372171
0.00370315
0.00367847
0.00364774
0.00361105
0.00356852
0.00352028
0.00346651
0.00380562
0.00379929
0.00378664
0.0037677
0.00374251
0.00371115
0.00367368
0.00363024
0.00358095
0.00352599
0.00388247
0.003876
0.00386305
0.00384367
0.00381789
0.00378577
0.0037474
0.00370288
0.00365236
0.003596
0.00397008
0.00396343
0.00395015
0.00393026
0.00390381
0.00387083
0.00383143
0.00378569
0.00373376
0.00367582
0.00406751
0.00406069
0.00404704
0.00402659
0.00399938
0.00396546
0.0039249
0.00387781
0.00382432
0.00376461
0.00417376
0.00416676
0.00415271
0.00413165
0.00410361
0.00406865
0.00402684
0.00397828
0.0039231
0.00386148
0.0438925
0.0463523
0.0515589
0.0601313
0.0731174
0.0921615
0.119771
0.159731
0.217742
0.302387
0.0495132
0.0520889
0.0575321
0.0664701
0.0799631
0.0996694
0.128109
0.169073
0.228246
0.314148
0.0502373
0.0528149
0.0582614
0.067204
0.0807029
0.100416
0.128863
0.169833
0.229012
0.314918
0.0503581
0.0529352
0.0583811
0.0673231
0.0808211
0.100533
0.128979
0.169948
0.229125
0.315028
0.0503828
0.0529603
0.0584065
0.0673487
0.0808469
0.100559
0.129005
0.169975
0.229152
0.315056
0.0503843
0.0529613
0.0584071
0.067349
0.0808469
0.100559
0.129004
0.169973
0.22915
0.315053
0.0503736
0.0529511
0.0583973
0.0673395
0.0808378
0.10055
0.128996
0.169966
0.229143
0.315047
0.0503064
0.0528836
0.0583296
0.0672718
0.0807701
0.100482
0.128929
0.169898
0.229076
0.31498
0.0498561
0.0524321
0.0578755
0.0668138
0.080307
0.100013
0.128453
0.169417
0.228589
0.314491
0.0454794
0.0479463
0.0531669
0.0617603
0.0747745
0.093854
0.121507
0.16152
0.219599
0.304331
0.0882102
0.0904611
0.0950235
0.102011
0.111573
0.123856
0.138946
0.156743
0.176772
0.19783
0.101442
0.103821
0.108635
0.115994
0.126037
0.138895
0.154627
0.1731
0.193785
0.215415
0.103394
0.105773
0.110588
0.117949
0.127992
0.140849
0.156579
0.175046
0.19572
0.217332
0.103744
0.106123
0.110939
0.118299
0.128341
0.141197
0.156924
0.175389
0.196061
0.21767
0.103807
0.106185
0.110999
0.118358
0.128399
0.141253
0.15698
0.175443
0.196112
0.217719
0.10382
0.106199
0.111015
0.118374
0.128416
0.141272
0.156999
0.175463
0.196134
0.217743
0.103781
0.106159
0.110974
0.118332
0.128373
0.141228
0.156955
0.175418
0.196088
0.217695
0.1036
0.105979
0.110795
0.118155
0.128198
0.141055
0.156784
0.17525
0.195923
0.217534
0.102423
0.104802
0.109616
0.116975
0.127016
0.139873
0.155604
0.174075
0.194757
0.216382
0.0928093
0.0950852
0.0996976
0.106761
0.116426
0.128844
0.144101
0.162104
0.182384
0.20375
0.0941353
0.0951921
0.0972827
0.100356
0.104325
0.109049
0.114321
0.11984
0.125194
0.129848
0.110173
0.111292
0.113504
0.116749
0.120927
0.125883
0.131386
0.137111
0.142614
0.147328
0.112933
0.114051
0.11626
0.1195
0.12367
0.128615
0.134102
0.139805
0.145282
0.149962
0.113442
0.114558
0.116764
0.120001
0.124167
0.129107
0.134589
0.140286
0.145755
0.150427
0.113559
0.114677
0.116884
0.120121
0.124288
0.129229
0.134712
0.140409
0.145879
0.150552
0.113558
0.114674
0.11688
0.120116
0.124282
0.129221
0.134702
0.140398
0.145865
0.150536
0.113519
0.114637
0.116844
0.120081
0.124248
0.129189
0.134672
0.14037
0.14584
0.150513
0.113235
0.114351
0.116558
0.119796
0.123964
0.128905
0.134389
0.140089
0.14556
0.150235
0.11168
0.112799
0.11501
0.118255
0.122432
0.127385
0.132885
0.138604
0.1441
0.148805
0.101116
0.102204
0.104357
0.107525
0.111619
0.116502
0.121964
0.127708
0.133325
0.138285
0.0832717
0.0836163
0.084284
0.0852307
0.0863891
0.0876671
0.0889483
0.0900919
0.090937
0.0913095
0.0989321
0.0992912
0.0999846
0.100963
0.102152
0.10345
0.10473
0.105836
0.106596
0.106821
0.102024
0.102378
0.103063
0.104029
0.105201
0.106478
0.10773
0.108803
0.109523
0.109702
0.102665
0.10302
0.103704
0.104669
0.105838
0.107112
0.10836
0.109429
0.110144
0.110317
0.102778
0.103131
0.103814
0.104776
0.105944
0.107215
0.108461
0.109527
0.110239
0.110408
0.102811
0.103166
0.10385
0.104814
0.105983
0.107255
0.108502
0.10957
0.110284
0.110456
0.102731
0.103084
0.103766
0.104729
0.105897
0.107169
0.108415
0.109481
0.110194
0.110363
0.102422
0.102778
0.103462
0.104428
0.105599
0.106874
0.108124
0.109195
0.109912
0.110088
0.100761
0.101118
0.101808
0.102782
0.103966
0.105256
0.106525
0.107619
0.108362
0.108567
0.0917179
0.0920901
0.0928116
0.0938376
0.0950991
0.0965024
0.0979283
0.0992335
0.100255
0.10082
0.0679578
0.0680112
0.0681073
0.0682252
0.0683342
0.0683948
0.0683599
0.0681767
0.0677897
0.0671442
0.081632
0.0816762
0.0817534
0.0818403
0.0819029
0.081897
0.0817707
0.0814658
0.0809215
0.0800782
0.0847291
0.0847699
0.0848388
0.0849125
0.0849569
0.0849279
0.0847733
0.084435
0.0838519
0.0829644
0.0853751
0.0854132
0.085479
0.0855488
0.0855885
0.0855537
0.0853923
0.085046
0.0844538
0.0835559
0.0855386
0.0855787
0.0856455
0.0857161
0.0857562
0.0857218
0.0855609
0.0852151
0.0846237
0.0837268
0.0855318
0.0855696
0.0856349
0.0857042
0.0857431
0.0857074
0.0855448
0.0851971
0.0846034
0.0837038
0.0854858
0.0855258
0.0855927
0.0856633
0.0857035
0.0856694
0.0855086
0.0851631
0.0845719
0.0836753
0.0851329
0.0851716
0.0852381
0.0853091
0.0853502
0.0853173
0.0851579
0.084814
0.0842245
0.0833296
0.0836125
0.0836557
0.0837295
0.0838108
0.0838653
0.0838488
0.083709
0.0833873
0.0828227
0.0819549
0.076867
0.0769387
0.0770706
0.0772403
0.0774147
0.0775507
0.077597
0.0774959
0.0771866
0.07661
0.052868
0.0528294
0.0527483
0.0526167
0.0524231
0.0521529
0.0517896
0.0513155
0.0507129
0.0499655
0.0639905
0.0639376
0.0638266
0.0636486
0.0633909
0.0630373
0.0625695
0.0619679
0.061213
0.0602871
0.0667713
0.0667127
0.0665919
0.0663998
0.0661234
0.0657465
0.0652506
0.0646161
0.0638236
0.0628551
0.0674277
0.0673699
0.0672484
0.0670544
0.0667752
0.0663948
0.0658946
0.0652552
0.0644571
0.0634827
0.0675442
0.0674842
0.0673612
0.0671658
0.066885
0.0665028
0.0660004
0.0653585
0.0645574
0.0635795
0.0675845
0.0675266
0.0674048
0.0672103
0.0669304
0.0665491
0.0660479
0.0654073
0.064608
0.0636321
0.0674952
0.0674354
0.0673124
0.0671172
0.0668367
0.0664547
0.0659527
0.0653111
0.0645105
0.0635331
0.0672016
0.0671439
0.0670227
0.0668295
0.0665512
0.0661719
0.0656731
0.0650352
0.0642389
0.0632664
0.0658836
0.0658272
0.0657105
0.0655243
0.0652555
0.0648876
0.0644021
0.063779
0.0629985
0.0620425
0.0613437
0.0613154
0.0612537
0.0611488
0.0609865
0.0607487
0.0604143
0.0599598
0.0593607
0.0585932
0.0392257
0.0391723
0.0390638
0.0388977
0.0386701
0.0383766
0.038012
0.0375711
0.037049
0.0364417
0.0476698
0.0476017
0.0474647
0.0472556
0.0469702
0.0466033
0.0461493
0.0456023
0.0449573
0.0442097
0.0500048
0.049934
0.04979
0.0495699
0.0492697
0.0488843
0.0484081
0.0478355
0.0471612
0.046381
0.0505392
0.0504662
0.0503198
0.0500969
0.0497932
0.0494034
0.0489219
0.0483431
0.0476618
0.0468736
0.0506861
0.0506146
0.0504689
0.0502462
0.0499424
0.0495525
0.0490711
0.0484924
0.0478112
0.0470233
0.0506761
0.0506029
0.0504562
0.0502328
0.0499283
0.0495378
0.0490553
0.0484754
0.0477928
0.0470031
0.0506412
0.0505696
0.0504239
0.0502012
0.0498975
0.0495078
0.0490265
0.048448
0.047767
0.0469794
0.0503538
0.0502812
0.0501353
0.049913
0.04961
0.0492212
0.0487409
0.0481634
0.0474835
0.0466969
0.0493451
0.0492752
0.0491333
0.0489164
0.0486202
0.0482395
0.0477686
0.0472013
0.0465322
0.0457568
0.0464989
0.0464484
0.0463455
0.046186
0.0459636
0.0456707
0.0452978
0.0448345
0.0442692
0.0435896
0.0269869
0.0269432
0.0268555
0.0267231
0.026545
0.02632
0.0260468
0.0257243
0.0253517
0.0249284
0.0328794
0.0328256
0.032717
0.0325531
0.0323327
0.0320546
0.0317174
0.0313201
0.0308616
0.0303418
0.0345947
0.0345374
0.0344229
0.0342503
0.0340186
0.0337263
0.0333721
0.032955
0.0324741
0.0319292
0.0350383
0.0349813
0.0348661
0.034692
0.034458
0.0341631
0.0338058
0.0333853
0.0329005
0.0323514
0.0351158
0.0350576
0.0349417
0.034767
0.0345324
0.0342367
0.0338784
0.0334564
0.0329701
0.032419
0.0351479
0.0350908
0.0349753
0.0348008
0.0345664
0.0342708
0.0339129
0.0334915
0.0330058
0.0324556
0.0350827
0.0350246
0.0349088
0.0347342
0.0344997
0.0342041
0.033846
0.0334242
0.0329381
0.0323874
0.0348964
0.0348394
0.0347243
0.0345504
0.0343169
0.0340224
0.0336657
0.0332458
0.0327617
0.0322133
0.0341552
0.0340986
0.0339851
0.033814
0.0335839
0.0332935
0.0329412
0.0325258
0.0320462
0.031502
0.0325154
0.0324707
0.03238
0.0322417
0.0320529
0.0318099
0.0315083
0.0311429
0.0307074
0.0301946
0.0157893
0.0157625
0.0157086
0.0156277
0.0155196
0.015384
0.0152208
0.0150301
0.0148119
0.0145665
0.0192456
0.0192123
0.0191458
0.019046
0.0189125
0.0187453
0.0185442
0.0183093
0.0180407
0.0177389
0.0203161
0.0202813
0.0202114
0.0201063
0.019966
0.0197903
0.0195791
0.0193326
0.0190508
0.0187344
0.0205724
0.020537
0.0204664
0.0203604
0.0202187
0.0200411
0.0198278
0.0195785
0.0192938
0.0189739
0.0206488
0.0206136
0.0205428
0.0204364
0.0202943
0.0201164
0.0199027
0.0196532
0.0193681
0.0190481
0.0206407
0.0206052
0.0205344
0.0204282
0.0202862
0.0201083
0.0198944
0.0196447
0.0193593
0.0190387
0.0206266
0.0205914
0.0205206
0.0204143
0.0202722
0.0200944
0.0198808
0.0196314
0.0193464
0.0190264
0.0204874
0.0204521
0.0203816
0.0202757
0.0201342
0.019957
0.0197439
0.019495
0.0192107
0.0188913
0.0200615
0.0200267
0.019957
0.0198523
0.0197123
0.0195368
0.0193256
0.0190788
0.0187964
0.0184788
0.0192112
0.0191814
0.0191213
0.0190301
0.0189064
0.0187485
0.0185542
0.0183208
0.0180451
0.0177232
0.00519594
0.00518698
0.00516904
0.00514213
0.00510622
0.00506132
0.00500747
0.00494473
0.00487321
0.00479308
0.00633873
0.00632762
0.00630543
0.00627218
0.00622787
0.00617252
0.0061062
0.00602898
0.00594101
0.00584252
0.00669298
0.0066814
0.0066582
0.00662334
0.00657682
0.00651867
0.00644896
0.00636778
0.00627532
0.0061718
0.00678951
0.00677766
0.00675401
0.00671861
0.00667148
0.00661265
0.0065422
0.00646021
0.00636686
0.00626238
0.00680494
0.00679324
0.00676977
0.00673451
0.00668742
0.00662856
0.00655798
0.00647579
0.00638218
0.00627738
0.00681353
0.00680164
0.00677792
0.00674242
0.00669517
0.00663621
0.00656559
0.00648342
0.00638986
0.00628515
0.00679788
0.00678618
0.00676272
0.00672745
0.00668038
0.00662154
0.00655098
0.00646883
0.00637526
0.00627052
0.00675983
0.006748
0.0067244
0.00668906
0.006642
0.00658325
0.00651288
0.00643099
0.00633774
0.00623337
0.00661159
0.00660001
0.00657679
0.00654191
0.00649535
0.00643711
0.00636722
0.00628576
0.00619285
0.0060887
0.0063525
0.00634195
0.0063207
0.00628846
0.00624477
0.00618904
0.00612054
0.00603837
0.0059415
0.00582869
0.0226658
0.0232574
0.0244722
0.0263738
0.0290537
0.0326204
0.037171
0.0427222
0.0490506
0.0553265
0.0203904
0.0208119
0.0216673
0.0229787
0.02477
0.02705
0.0297795
0.0328092
0.0357686
0.0378893
0.018405
0.0186953
0.0192768
0.0201483
0.0212976
0.0226877
0.0242296
0.0257403
0.0268773
0.0270491
0.0167137
0.016907
0.0172891
0.0178472
0.0185546
0.0193591
0.020165
0.020806
0.0210062
0.0203273
0.0153071
0.0154311
0.0156727
0.0160156
0.0164299
0.0168649
0.0172377
0.0174174
0.0172056
0.016312
0.0141687
0.0142445
0.0143895
0.0145877
0.0148123
0.0150207
0.0151493
0.0151059
0.0147636
0.0139573
0.0132809
0.0133237
0.0134032
0.0135054
0.0136079
0.0136776
0.0136689
0.0135218
0.0131635
0.0125155
0.0126284
0.0126492
0.0126854
0.0127249
0.0127492
0.0127327
0.0126423
0.0124391
0.0120826
0.0115422
0.0121996
0.0122069
0.0122164
0.0122175
0.0121942
0.012125
0.0119831
0.0117382
0.011361
0.010834
0.0119871
0.0119879
0.0119848
0.0119678
0.0119219
0.0118269
0.0116576
0.0113833
0.0109683
0.0103692
0.0537942
0.0544902
0.0558808
0.0579637
0.0607248
0.0641259
0.0680795
0.0724037
0.0767272
0.0802711
0.0498028
0.0503489
0.0514368
0.0530584
0.0551966
0.0578201
0.0608803
0.0643159
0.0680906
0.0723487
0.0462089
0.0466306
0.0474691
0.0487148
0.0503524
0.0523617
0.0547258
0.0574528
0.060637
0.0646132
0.0430359
0.0433552
0.0439887
0.0449255
0.0461492
0.0476398
0.0493772
0.0513498
0.0535652
0.0560494
0.0402954
0.0405302
0.0409948
0.0416762
0.042555
0.0436048
0.0447907
0.0460639
0.0473443
0.0484668
0.0379933
0.0381588
0.0384844
0.0389549
0.0395481
0.0402323
0.0409634
0.0416772
0.0422735
0.0425802
0.0361357
0.036245
0.0364574
0.036756
0.0371158
0.0375021
0.0378684
0.0381535
0.0382781
0.0381428
0.0347306
0.0347965
0.0349208
0.0350849
0.035261
0.035411
0.0354853
0.0354245
0.0351665
0.0346709
0.033787
0.0338229
0.0338859
0.0339558
0.0340013
0.0339786
0.0338293
0.0334792
0.0328446
0.0318617
0.0333131
0.033334
0.0333657
0.033387
0.0333639
0.0332472
0.0329665
0.0324213
0.0314616
0.0298467
0.0676745
0.0681383
0.0690523
0.070392
0.0721109
0.0741274
0.076294
0.0783286
0.0796484
0.0789522
0.0641935
0.0645992
0.0654022
0.0665886
0.0681349
0.0700075
0.0721627
0.0745535
0.0771678
0.0801921
0.0609879
0.0613438
0.0620534
0.0631151
0.0645309
0.0663165
0.0685221
0.0712798
0.0749117
0.0801895
0.0580792
0.0583878
0.0590073
0.0599434
0.0612116
0.0628486
0.0649327
0.0676183
0.0711917
0.0761445
0.0554872
0.0557471
0.0562707
0.0570648
0.0581454
0.0595463
0.0613301
0.0636019
0.0665184
0.070267
0.0532373
0.0534462
0.0538668
0.0545015
0.055359
0.0564577
0.0578308
0.0595302
0.0616213
0.0641565
0.0513637
0.0515214
0.0518366
0.0523045
0.0529212
0.053685
0.0545978
0.0556681
0.0569129
0.058358
0.0499069
0.0500181
0.050236
0.0505475
0.0509339
0.0513696
0.0518216
0.0522518
0.0526268
0.0529523
0.0489076
0.0489829
0.0491251
0.0493131
0.0495136
0.0496762
0.049727
0.0495617
0.0490455
0.0480506
0.048399
0.0484553
0.0485561
0.048676
0.0487717
0.0487744
0.0485752
0.0479978
0.046747
0.0442975
0.0699437
0.0702278
0.0707845
0.0715938
0.0726167
0.0737831
0.0749623
0.0758977
0.0760543
0.0742522
0.0676427
0.0679227
0.0684767
0.069296
0.0703644
0.0716571
0.0731368
0.0747508
0.0764446
0.078255
0.0654792
0.0657564
0.066312
0.0671512
0.0682857
0.0697428
0.0715825
0.0739337
0.0770779
0.0816497
0.0634641
0.0637333
0.0642781
0.0651135
0.0662696
0.0678031
0.0698179
0.0724986
0.0761638
0.0813413
0.0616129
0.0618636
0.0623739
0.0631617
0.0642616
0.0657352
0.0676863
0.0702813
0.0737702
0.0784936
0.0599529
0.0601737
0.0606233
0.0613156
0.0622786
0.0635609
0.0652423
0.0674459
0.0703491
0.0741831
0.0585264
0.0587089
0.0590777
0.0596381
0.0604027
0.0613949
0.0626561
0.0642546
0.0662999
0.0689619
0.0573865
0.0575286
0.0578112
0.0582276
0.0587698
0.0594275
0.0601902
0.0610518
0.0620279
0.0632022
0.0565879
0.0566962
0.0569054
0.0571978
0.0575438
0.0578966
0.0581839
0.0582975
0.0580902
0.0574164
0.0561761
0.0562653
0.0564327
0.0566533
0.0568833
0.057049
0.057027
0.0566056
0.0554103
0.052746
0.0654077
0.0655992
0.0659759
0.0665288
0.0672383
0.0680669
0.0689418
0.069717
0.0700884
0.0693998
0.0641692
0.0643758
0.0647868
0.0654001
0.0662105
0.0672085
0.0683761
0.0696817
0.0710778
0.0725305
0.0629714
0.0631918
0.0636353
0.0643096
0.0652287
0.0664182
0.0679238
0.0698295
0.0722973
0.0756625
0.0618182
0.0620456
0.0625072
0.0632185
0.0642077
0.0655238
0.0672495
0.0695213
0.0725589
0.0767054
0.0607194
0.060943
0.061399
0.0621056
0.0630965
0.0644287
0.0661947
0.0685385
0.0716737
0.0758958
0.0596977
0.0599052
0.0603284
0.0609829
0.0618983
0.0631248
0.0647438
0.0668812
0.0697242
0.0735355
0.0587898
0.0589714
0.0593392
0.0599015
0.0606751
0.0616902
0.0629983
0.0646843
0.0668864
0.0698261
0.0580438
0.0581952
0.0584973
0.0589478
0.0595445
0.0602866
0.0611772
0.0622308
0.0634924
0.0650871
0.0575101
0.0576346
0.0578779
0.0582266
0.0586581
0.059136
0.0596028
0.0599705
0.060118
0.0599276
0.0572313
0.0573401
0.0575487
0.0578367
0.0581674
0.0584782
0.0586608
0.0585248
0.0577236
0.055599
0.0568467
0.0569883
0.0572697
0.057691
0.0582498
0.0589395
0.0597438
0.0606262
0.0615078
0.062222
0.0563351
0.0564942
0.0568127
0.0572937
0.0579411
0.058759
0.0597507
0.0609142
0.0622362
0.0636826
0.0558096
0.0559832
0.0563333
0.0568675
0.0575983
0.058545
0.0597371
0.0612176
0.0630498
0.0653346
0.0552725
0.0554549
0.0558249
0.0563938
0.0571814
0.0582197
0.059558
0.0612702
0.0634625
0.0662826
0.0547316
0.0549148
0.0552875
0.0558628
0.0566639
0.057729
0.0591178
0.0609199
0.0632643
0.0663276
0.0542035
0.0543788
0.054735
0.0552838
0.0560466
0.0570595
0.0583801
0.0600979
0.0623467
0.0653207
0.0537153
0.0538752
0.0541982
0.0546914
0.0553682
0.0562527
0.0573859
0.0588358
0.0607139
0.0632012
0.0533016
0.0534424
0.0537237
0.0541451
0.0547072
0.0554131
0.0562712
0.0573015
0.0585513
0.0601328
0.0529993
0.0531225
0.0533651
0.0537189
0.0541701
0.0546963
0.0552626
0.0558146
0.0562777
0.0565832
0.0528392
0.0529519
0.0531712
0.0534839
0.053866
0.0542764
0.054643
0.0548368
0.0546181
0.0535246
0.0458093
0.0459101
0.0461124
0.0464206
0.0468415
0.0473855
0.0480693
0.0489213
0.0499956
0.0514088
0.0457014
0.0458159
0.0460462
0.0463973
0.0468764
0.0474941
0.0482646
0.049204
0.0503248
0.0516127
0.0455604
0.0456851
0.0459366
0.0463204
0.0468448
0.0475216
0.0483653
0.04939
0.0505997
0.0519654
0.0453884
0.0455194
0.0457841
0.0461887
0.0467432
0.0474622
0.0483655
0.0494767
0.0508191
0.0524069
0.045192
0.0453248
0.0455934
0.0460045
0.0465693
0.0473056
0.0482394
0.0494073
0.0508581
0.0526551
0.0449827
0.0451128
0.0453755
0.0457769
0.0463281
0.047047
0.0479623
0.0491178
0.0505786
0.0524407
0.0447773
0.0449007
0.0451488
0.0455259
0.0460395
0.0467035
0.0475412
0.0485913
0.0499163
0.0516177
0.0445962
0.0447107
0.0449394
0.0452831
0.0457435
0.0463248
0.047036
0.0478944
0.0489341
0.0502262
0.0444603
0.0445665
0.0447767
0.0450879
0.0454949
0.0459898
0.0465602
0.047187
0.0478441
0.0485122
0.0443873
0.0444881
0.0446869
0.044978
0.0453513
0.0457894
0.0462617
0.0467114
0.0470295
0.0469997
0.0332919
0.0333503
0.0334684
0.0336501
0.0339031
0.0342404
0.0346867
0.0352887
0.0361416
0.0374526
0.0333498
0.0334165
0.0335511
0.0337567
0.0340387
0.0344058
0.0348705
0.0354501
0.0361623
0.0370039
0.0333767
0.0334491
0.0335944
0.0338146
0.0341124
0.0344907
0.0349508
0.0354866
0.0360711
0.0366224
0.0333758
0.0334517
0.0336036
0.0338327
0.0341402
0.0345265
0.0349894
0.0355193
0.0360905
0.0366474
0.0333522
0.0334299
0.0335855
0.0338197
0.0341337
0.0345286
0.0350045
0.0355589
0.0361841
0.036865
0.0333128
0.0333911
0.0335477
0.0337835
0.0341003
0.0345006
0.0349886
0.0355704
0.0362544
0.0370542
0.0332659
0.0333436
0.033499
0.0337329
0.0340473
0.0344457
0.0349347
0.0355251
0.036234
0.0370882
0.0332202
0.0332966
0.0334491
0.0336784
0.0339857
0.0343743
0.0348501
0.0354236
0.0361114
0.0369412
0.033184
0.0332589
0.0334082
0.0336319
0.0339305
0.0343055
0.0347601
0.0352994
0.0359316
0.0366709
0.0331639
0.0332376
0.0333847
0.0336046
0.0338971
0.0342624
0.0347006
0.0352103
0.0357852
0.0364065
0.0200598
0.0200804
0.0201217
0.0201848
0.0202725
0.020391
0.0205542
0.0207931
0.0211769
0.0218641
0.0201363
0.0201605
0.0202085
0.0202804
0.0203763
0.0204975
0.0206463
0.0208276
0.0210457
0.0212915
0.0201949
0.0202211
0.0202725
0.0203475
0.0204431
0.020554
0.0206704
0.0207736
0.0208241
0.0207351
0.0202376
0.0202652
0.0203188
0.0203957
0.0204906
0.0205945
0.0206922
0.0207571
0.0207432
0.0205733
0.0202677
0.0202967
0.0203529
0.0204333
0.0205319
0.0206394
0.0207405
0.0208113
0.0208143
0.0206952
0.0202884
0.0203192
0.0203792
0.0204655
0.0205732
0.0206946
0.0208179
0.0209256
0.0209914
0.0209783
0.0203026
0.0203355
0.0204
0.0204943
0.020615
0.0207574
0.020915
0.0210777
0.0212306
0.0213501
0.020312
0.020347
0.0204163
0.0205191
0.020654
0.0208201
0.0210166
0.0212426
0.0214958
0.0217683
0.0203177
0.0203545
0.0204278
0.0205376
0.020685
0.0208722
0.0211046
0.0213917
0.0217484
0.022193
0.0203204
0.020358
0.0204334
0.0205474
0.020702
0.0209022
0.0211579
0.0214879
0.0219271
0.0225432
0.00666835
0.00666902
0.00666968
0.00666917
0.00666577
0.00665752
0.00664299
0.00662339
0.00660802
0.00662826
0.00669833
0.00669961
0.00670129
0.0067016
0.00669767
0.00668524
0.00665821
0.0066078
0.00652065
0.00637286
0.00672293
0.00672446
0.00672629
0.00672592
0.00671899
0.0066985
0.00665319
0.00656474
0.00640212
0.00611002
0.00674307
0.00674482
0.00674682
0.00674602
0.00673703
0.00671107
0.00665412
0.00654383
0.00634452
0.00599989
0.00675983
0.00676207
0.00676497
0.00676527
0.00675726
0.00673177
0.00667436
0.00656266
0.00636236
0.00602219
0.00677407
0.00677723
0.00678203
0.00678543
0.0067821
0.0067636
0.00671682
0.00662164
0.00644734
0.00614772
0.00678618
0.00679061
0.00679818
0.00680637
0.0068108
0.00680466
0.00677749
0.00671311
0.0065863
0.00635727
0.006796
0.00680183
0.00681252
0.00682622
0.00683991
0.00684901
0.00684676
0.00682278
0.00676023
0.00662999
0.00680304
0.00681007
0.00682347
0.00684208
0.00686422
0.00688774
0.00691016
0.00692851
0.00693862
0.00693135
0.00680672
0.0068144
0.00682934
0.00685083
0.00687809
0.00691074
0.00694964
0.00699875
0.00706917
0.00718909
0.0092187
0.00917498
0.00911941
0.0090514
0.00897045
0.0088762
0.00876844
0.0086471
0.00851227
0.00836422
0.0096611
0.00962513
0.00957545
0.00951126
0.00943189
0.00933681
0.00922571
0.00909845
0.00895509
0.00879592
0.0106087
0.0105915
0.0105564
0.0105022
0.0104277
0.010332
0.0102146
0.0100752
0.00991369
0.00973042
0.0122012
0.0122216
0.0122167
0.0121843
0.0121222
0.0120291
0.0119036
0.0117451
0.0115534
0.0113289
0.0146871
0.0147796
0.0148344
0.0148473
0.0148144
0.0147329
0.0146004
0.0144155
0.0141776
0.0138872
0.0184818
0.0187117
0.018883
0.0189879
0.0190192
0.0189711
0.0188393
0.0186208
0.0183145
0.0179206
0.0242683
0.0247607
0.0251595
0.0254492
0.0256162
0.0256493
0.0255402
0.0252834
0.0248765
0.0243199
0.0331688
0.0341691
0.0350144
0.0356734
0.0361196
0.0363326
0.0362973
0.0360042
0.0354491
0.0346329
0.0470411
0.0490467
0.0507775
0.0521705
0.0531776
0.053764
0.0539064
0.053591
0.0528124
0.0515734
0.0690297
0.0730967
0.0765977
0.0794243
0.0815102
0.0828159
0.0833185
0.0830062
0.0818759
0.0799326
0.0232582
0.0231016
0.0229225
0.02272
0.0224935
0.0222426
0.0219673
0.0216676
0.0213438
0.0209964
0.0239667
0.0238157
0.0236397
0.0234379
0.0232094
0.0229538
0.0226707
0.0223604
0.0220229
0.0216591
0.0254305
0.0252924
0.0251245
0.0249254
0.0246938
0.0244291
0.0241308
0.0237987
0.0234332
0.0230349
0.0277461
0.0276328
0.0274815
0.02729
0.0270564
0.0267796
0.0264585
0.0260929
0.0256831
0.0252297
0.0310656
0.0309965
0.0308768
0.0307032
0.0304727
0.030183
0.0298326
0.0294207
0.0289475
0.0284137
0.0356041
0.0356106
0.0355484
0.0354118
0.035196
0.0348971
0.0345125
0.0340407
0.0334813
0.0328356
0.0416452
0.0417779
0.0418156
0.0417492
0.0415707
0.0412737
0.0408536
0.0403075
0.0396348
0.0388366
0.0495392
0.0498765
0.0500819
0.0501403
0.0500386
0.0497664
0.0493157
0.0486819
0.0478632
0.046861
0.0596796
0.06034
0.0608166
0.0610847
0.0611233
0.0609156
0.0604491
0.0597159
0.058713
0.0574422
0.0724334
0.0735862
0.0744822
0.0750822
0.0753535
0.0752704
0.0748142
0.0739732
0.0727429
0.0711255
0.0306361
0.0303938
0.0301295
0.0298427
0.0295331
0.0292007
0.0288455
0.0284677
0.0280677
0.0276463
0.0312396
0.0309978
0.0307324
0.030443
0.0301292
0.0297908
0.0294279
0.0290406
0.0286294
0.028195
0.0324633
0.032223
0.0319561
0.0316619
0.0313399
0.0309897
0.0306113
0.0302049
0.0297709
0.0293101
0.03434
0.0341037
0.0338358
0.0335355
0.0332018
0.0328343
0.0324327
0.0319972
0.0315283
0.0310266
0.036917
0.0366891
0.0364227
0.0361163
0.0357686
0.0353788
0.0349464
0.0344714
0.0339543
0.033396
0.0402532
0.0400414
0.0397815
0.0394712
0.0391086
0.0386924
0.0382218
0.0376965
0.0371169
0.0364842
0.0444138
0.0442295
0.0439845
0.0436754
0.0432993
0.042854
0.0423383
0.0417515
0.0410941
0.0403672
0.0494605
0.0493201
0.0491027
0.0488033
0.0484178
0.0479427
0.047376
0.0467167
0.0459648
0.045122
0.0554372
0.0553621
0.0551898
0.0549129
0.0545252
0.0540219
0.0533998
0.052657
0.0517936
0.0508112
0.0623484
0.0623646
0.0622588
0.0620205
0.061641
0.0611135
0.060433
0.059597
0.058605
0.0574589
0.0326421
0.0323671
0.0320745
0.0317641
0.0314359
0.0310901
0.0307267
0.0303462
0.0299489
0.0295354
0.0330704
0.0327936
0.0324983
0.0321845
0.0318522
0.0315013
0.0311321
0.0307448
0.0303399
0.029918
0.0339302
0.0336499
0.0333496
0.0330291
0.0326884
0.0323275
0.0319465
0.0315457
0.0311257
0.0306868
0.0352273
0.0349421
0.0346345
0.0343044
0.0339514
0.0335755
0.0331769
0.0327558
0.0323128
0.0318483
0.0369686
0.0366778
0.0363614
0.0360188
0.0356499
0.0352543
0.0348323
0.034384
0.0339099
0.0334108
0.039161
0.0388645
0.038538
0.038181
0.0377927
0.037373
0.0369218
0.0364394
0.0359262
0.0353832
0.0418082
0.0415066
0.0411698
0.0407966
0.0403862
0.0399382
0.0394523
0.0389289
0.0383684
0.0377718
0.0449073
0.0446024
0.0442556
0.0438654
0.0434306
0.0429506
0.0424249
0.0418538
0.0412377
0.0405778
0.0484454
0.0481395
0.0477839
0.0473765
0.0469158
0.0464006
0.0458304
0.0452052
0.0445255
0.0437926
0.0523956
0.0520918
0.0517292
0.0513051
0.0508173
0.0502644
0.0496453
0.0489602
0.0482094
0.0473944
0.031057
0.0307932
0.0305161
0.0302259
0.0299227
0.0296067
0.0292781
0.0289371
0.0285842
0.0282198
0.031342
0.031076
0.0307965
0.0305034
0.030197
0.0298774
0.0295447
0.0291994
0.0288418
0.0284723
0.0319113
0.031641
0.0313566
0.0310579
0.030745
0.0304182
0.0300776
0.0297236
0.0293565
0.0289767
0.032763
0.0324866
0.0321948
0.0318877
0.0315653
0.0312278
0.0308754
0.0305083
0.030127
0.029732
0.0338941
0.0336097
0.0333084
0.0329903
0.0326553
0.0323037
0.0319355
0.0315512
0.031151
0.0307356
0.0352992
0.0350051
0.0346924
0.0343608
0.0340105
0.0336414
0.0332538
0.0328479
0.0324243
0.0319835
0.0369702
0.0366651
0.0363391
0.0359919
0.0356235
0.0352338
0.0348232
0.0343918
0.0339402
0.033469
0.0388953
0.038578
0.0382372
0.0378724
0.0374834
0.0370703
0.0366333
0.0361725
0.0356886
0.0351822
0.0410579
0.0407277
0.0403708
0.0399866
0.039575
0.0391359
0.0386693
0.0381756
0.0376553
0.0371092
0.043436
0.0430921
0.042718
0.042313
0.0418769
0.0414093
0.0409104
0.0403806
0.0398202
0.0392303
0.0272434
0.0270164
0.0267797
0.0265336
0.026278
0.0260134
0.0257397
0.0254573
0.0251666
0.0248677
0.0274285
0.0271997
0.0269612
0.026713
0.0264552
0.0261882
0.025912
0.0256269
0.0253333
0.0250313
0.0277972
0.0275651
0.0273228
0.0270705
0.0268084
0.0265366
0.0262553
0.0259649
0.0256655
0.0253575
0.0283469
0.0281098
0.0278619
0.0276036
0.027335
0.0270561
0.0267673
0.0264688
0.0261608
0.0258439
0.0290733
0.0288295
0.0285744
0.0283082
0.0280309
0.0277427
0.0274439
0.0271348
0.0268155
0.0264866
0.0299702
0.0297183
0.0294543
0.0291783
0.0288905
0.0285909
0.0282798
0.0279575
0.0276243
0.0272806
0.0310298
0.0307685
0.0304941
0.0302066
0.0299063
0.0295932
0.0292676
0.0289297
0.02858
0.0282188
0.0322422
0.0319701
0.0316839
0.0313834
0.0310689
0.0307404
0.0303982
0.0300426
0.029674
0.0292928
0.033595
0.0333111
0.0330118
0.0326969
0.0323666
0.032021
0.0316603
0.0312849
0.0308951
0.0304915
0.0350742
0.0347776
0.0344641
0.0341336
0.0337861
0.0334218
0.033041
0.0326439
0.032231
0.0318028
0.0220994
0.0219207
0.0217351
0.0215427
0.0213438
0.0211384
0.0209267
0.020709
0.0204854
0.0202561
0.0222173
0.0220373
0.0218505
0.0216568
0.0214564
0.0212495
0.0210363
0.0208169
0.0205916
0.0203606
0.0224519
0.0222696
0.0220802
0.0218839
0.0216807
0.0214708
0.0212545
0.0210318
0.0208031
0.0205685
0.022801
0.0226153
0.0224222
0.0222219
0.0220145
0.0218002
0.0215793
0.0213518
0.0211179
0.0208781
0.0232614
0.0230711
0.0228731
0.0226676
0.0224547
0.0222346
0.0220075
0.0217736
0.0215331
0.0212863
0.0238286
0.0236326
0.0234286
0.0232167
0.022997
0.0227698
0.0225352
0.0222934
0.0220446
0.0217892
0.0244968
0.0242942
0.0240832
0.0238638
0.0236362
0.0234005
0.023157
0.0229059
0.0226474
0.0223818
0.0252593
0.0250492
0.0248301
0.0246022
0.0243655
0.0241202
0.0238666
0.0236049
0.0233353
0.0230581
0.0261082
0.0258898
0.0256618
0.0254243
0.0251775
0.0249216
0.0246568
0.0243833
0.0241013
0.0238112
0.0270339
0.0268064
0.0265687
0.0263209
0.0260632
0.0257956
0.0255185
0.0252321
0.0249367
0.0246326
0.0161866
0.0160595
0.0159278
0.0157915
0.0156509
0.0155059
0.0153568
0.0152037
0.0150466
0.0148859
0.0162585
0.0161306
0.0159982
0.0158611
0.0157196
0.0155738
0.0154238
0.0152697
0.0151116
0.0149498
0.0164016
0.0162723
0.0161382
0.0159996
0.0158564
0.0157088
0.015557
0.015401
0.015241
0.0150771
0.0166144
0.0164829
0.0163466
0.0162055
0.0160599
0.0159097
0.0157551
0.0155963
0.0154334
0.0152665
0.0168948
0.0167605
0.0166212
0.0164769
0.016328
0.0161743
0.0160162
0.0158536
0.0156869
0.015516
0.01724
0.0171021
0.0169591
0.016811
0.016658
0.0165001
0.0163375
0.0161704
0.0159989
0.0158232
0.0176463
0.0175043
0.0173569
0.0172043
0.0170465
0.0168836
0.0167158
0.0165433
0.0163663
0.0161847
0.0181095
0.0179628
0.0178105
0.0176527
0.0174894
0.0173209
0.0171473
0.0169686
0.0167852
0.0165971
0.0186248
0.0184729
0.0183151
0.0181515
0.0179822
0.0178073
0.0176271
0.0174416
0.0172511
0.0170557
0.019187
0.0190294
0.0188656
0.0186957
0.0185198
0.0183381
0.0181507
0.0179578
0.0177596
0.0175562
0.00984984
0.00977424
0.00969597
0.0096151
0.00953169
0.0094458
0.00935752
0.00926692
0.00917408
0.00907908
0.00988853
0.00981254
0.00973386
0.00965256
0.0095687
0.00948235
0.00939359
0.0093025
0.00920915
0.00911363
0.00996554
0.00988876
0.00980926
0.0097271
0.00964236
0.00955509
0.00946538
0.0093733
0.00927894
0.00918237
0.0100801
0.0100021
0.0099214
0.00983797
0.00975191
0.00966327
0.00957214
0.0094786
0.00938273
0.00928462
0.0102309
0.0101514
0.0100691
0.00998402
0.00989621
0.00980578
0.00971278
0.00961732
0.00951946
0.00941931
0.0104166
0.0103352
0.0102509
0.0101637
0.0100738
0.00998115
0.00988586
0.00978802
0.00968772
0.00958506
0.0106351
0.0105515
0.0104648
0.0103753
0.0102828
0.0101876
0.0100896
0.00998896
0.00988579
0.00978017
0.0108841
0.010798
0.0107088
0.0106164
0.0105211
0.0104229
0.0103218
0.010218
0.0101116
0.0100026
0.0111612
0.0110723
0.0109801
0.0108847
0.0107863
0.0106847
0.0105802
0.0104729
0.0103628
0.0102501
0.0114633
0.0113713
0.0112759
0.0111772
0.0110752
0.0109701
0.0108619
0.0107507
0.0106367
0.0105199
0.00330412
0.00327907
0.00325315
0.00322637
0.00319877
0.00317035
0.00314115
0.0031112
0.00308051
0.00304912
0.00331633
0.00329115
0.0032651
0.00323819
0.00321044
0.00318189
0.00315254
0.00312243
0.00309159
0.00306003
0.00334061
0.00331519
0.00328888
0.00326171
0.00323369
0.00320484
0.0031752
0.00314479
0.00311363
0.00308176
0.00337673
0.00335094
0.00332425
0.00329668
0.00326825
0.00323898
0.0032089
0.00317804
0.00314641
0.00311406
0.0034243
0.00339803
0.00337084
0.00334275
0.00331378
0.00328395
0.00325329
0.00322183
0.0031896
0.00315662
0.00348284
0.00345598
0.00342817
0.00339944
0.0033698
0.00333928
0.00330792
0.00327573
0.00324274
0.00320899
0.00355174
0.00352418
0.00349565
0.00346616
0.00343574
0.00340442
0.00337221
0.00333916
0.00330529
0.00327063
0.00363029
0.00360194
0.00357258
0.00354223
0.00351092
0.00347868
0.00344553
0.00341149
0.00337661
0.00334092
0.00371767
0.00368843
0.00365815
0.00362685
0.00359455
0.00356128
0.00352707
0.00349195
0.00345595
0.00341911
0.00381303
0.00378283
0.00375155
0.00371921
0.00368584
0.00365145
0.00361609
0.00357978
0.00354256
0.00350445
0.391089
0.434116
0.468201
0.49433
0.513259
0.525537
0.531526
0.53141
0.525205
0.512757
0.403707
0.447198
0.481675
0.508111
0.527252
0.539641
0.545635
0.545415
0.538997
0.526227
0.404477
0.447966
0.48244
0.508873
0.528009
0.540392
0.546378
0.546149
0.539721
0.526939
0.404585
0.448073
0.482547
0.508979
0.528114
0.540496
0.546481
0.546252
0.539822
0.527039
0.404613
0.448102
0.482575
0.509007
0.528142
0.540524
0.546509
0.546279
0.539849
0.527066
0.40461
0.448098
0.482571
0.509003
0.528138
0.54052
0.546505
0.546275
0.539845
0.527062
0.404605
0.448093
0.482566
0.508998
0.528134
0.540515
0.5465
0.54627
0.539841
0.527057
0.404538
0.448026
0.4825
0.508932
0.528068
0.540451
0.546436
0.546207
0.539778
0.526995
0.404049
0.447538
0.482014
0.508449
0.527589
0.539976
0.545967
0.545745
0.539325
0.526551
0.39312
0.436209
0.470363
0.496566
0.515565
0.527904
0.533938
0.533852
0.527657
0.515202
0.211826
0.219331
0.225658
0.230589
0.233963
0.235663
0.235608
0.233749
0.230067
0.224573
0.229698
0.237332
0.243739
0.248695
0.252033
0.253633
0.253411
0.251316
0.247329
0.24146
0.231597
0.239219
0.245612
0.250553
0.253874
0.255455
0.255212
0.253095
0.249084
0.24319
0.231933
0.239553
0.245944
0.250882
0.254201
0.255779
0.255533
0.253413
0.249399
0.2435
0.231979
0.239599
0.24599
0.250928
0.254246
0.255824
0.255578
0.253458
0.249444
0.243546
0.232005
0.239625
0.246015
0.250953
0.254271
0.255849
0.255603
0.253482
0.249467
0.243568
0.231956
0.239576
0.245966
0.250904
0.254223
0.255801
0.255555
0.253435
0.249421
0.243523
0.231798
0.23942
0.245811
0.250751
0.254071
0.25565
0.255406
0.253287
0.249274
0.243377
0.230659
0.23829
0.244693
0.249645
0.252978
0.254572
0.254343
0.252241
0.248246
0.242368
0.218017
0.225699
0.232221
0.237349
0.240904
0.242751
0.242799
0.24099
0.237302
0.231746
0.132213
0.133297
0.133995
0.134263
0.134064
0.133366
0.132149
0.130398
0.12811
0.125289
0.149648
0.150679
0.151295
0.151452
0.151108
0.150233
0.148804
0.146808
0.14424
0.141105
0.152253
0.153264
0.153859
0.153992
0.153623
0.152722
0.151265
0.149239
0.146639
0.143471
0.152711
0.153718
0.15431
0.15444
0.154068
0.153163
0.151702
0.149673
0.14707
0.143898
0.152837
0.153844
0.154435
0.154564
0.154191
0.153285
0.151824
0.149792
0.147188
0.144015
0.152819
0.153826
0.154417
0.154546
0.154173
0.153268
0.151807
0.149776
0.147173
0.144001
0.152798
0.153806
0.154397
0.154526
0.154153
0.153248
0.151786
0.149755
0.147151
0.143978
0.152522
0.15353
0.154124
0.154255
0.153884
0.152981
0.151522
0.149494
0.146893
0.143723
0.151116
0.15214
0.152749
0.152896
0.152543
0.151657
0.150216
0.148206
0.145624
0.142473
0.14091
0.142162
0.143046
0.143501
0.143469
0.142902
0.141764
0.140033
0.1377
0.134771
0.0911136
0.0908569
0.0904497
0.0898823
0.0891466
0.0882365
0.0871479
0.085879
0.0844304
0.0828051
0.106467
0.106099
0.105566
0.104856
0.103961
0.102875
0.101593
0.100113
0.0984373
0.096568
0.10931
0.108919
0.108361
0.107626
0.106704
0.105589
0.104278
0.102768
0.101061
0.0991592
0.10992
0.109525
0.108963
0.108223
0.107296
0.106176
0.10486
0.103344
0.101631
0.0997232
0.110008
0.109613
0.10905
0.108309
0.107382
0.106263
0.104946
0.103431
0.101718
0.099811
0.110058
0.109662
0.109099
0.108358
0.107431
0.10631
0.104993
0.103477
0.101762
0.0998533
0.109964
0.109569
0.109006
0.108266
0.107339
0.10622
0.104904
0.103389
0.101676
0.0997688
0.109693
0.1093
0.10874
0.108001
0.107076
0.105958
0.104643
0.10313
0.101418
0.0995122
0.108195
0.107817
0.107272
0.106549
0.105641
0.10454
0.103242
0.101745
0.100051
0.0981621
0.100778
0.10062
0.10032
0.0998566
0.099207
0.0983514
0.0972747
0.0959683
0.0944293
0.0926606
0.066463
0.0659923
0.065457
0.0648548
0.0641841
0.0634439
0.0626336
0.0617536
0.0608048
0.0597888
0.0792237
0.0786409
0.0779847
0.0772528
0.0764436
0.0755558
0.0745892
0.0735442
0.0724217
0.0712237
0.0820744
0.0814684
0.080788
0.0800308
0.079195
0.0782796
0.0772843
0.0762094
0.0750561
0.0738263
0.0826578
0.0820478
0.0813634
0.0806022
0.0797625
0.0788432
0.077844
0.0767653
0.0756082
0.0743746
0.0828294
0.0822186
0.0815332
0.0807708
0.0799297
0.0790087
0.0780076
0.0769268
0.0757674
0.0745313
0.0828043
0.0821936
0.0815084
0.0807464
0.0799058
0.0789857
0.0779857
0.0769061
0.0757481
0.0745137
0.0827782
0.0821677
0.0814825
0.0807203
0.0798794
0.0789588
0.077958
0.0768775
0.0757184
0.0744827
0.0824339
0.0818252
0.0811421
0.0803822
0.0795438
0.0786259
0.077628
0.0765506
0.0753949
0.0741626
0.0810796
0.0804827
0.0798114
0.0790632
0.0782365
0.07733
0.0763435
0.0752771
0.0741321
0.0729103
0.0759711
0.0755238
0.0750116
0.0744247
0.0737527
0.0729867
0.0721198
0.0711484
0.0700714
0.0688906
0.0493185
0.0489001
0.0484509
0.0479703
0.0474583
0.0469149
0.0463402
0.0457348
0.0450992
0.0444344
0.0594931
0.0589809
0.0584328
0.0578481
0.0572268
0.0565689
0.0558748
0.0551449
0.0543802
0.0535815
0.0620274
0.0614949
0.0609257
0.0603194
0.0596757
0.0589949
0.0582771
0.0575231
0.0567335
0.0559096
0.0626502
0.0621138
0.0615404
0.0609295
0.060281
0.0595951
0.0588719
0.0581122
0.0573167
0.0564866
0.0627443
0.0622074
0.0616336
0.0610225
0.060374
0.0596882
0.0589654
0.0582062
0.0574113
0.056582
0.0627984
0.0622613
0.061687
0.0610753
0.060426
0.0597391
0.059015
0.0582543
0.0574578
0.0566266
0.0626983
0.0621616
0.061588
0.0609771
0.0603288
0.0596431
0.0589205
0.0581614
0.0573667
0.0565375
0.0624353
0.0618999
0.0613275
0.0607178
0.0600704
0.0593856
0.0586636
0.0579051
0.0571109
0.056282
0.0612235
0.0606959
0.0601315
0.0595297
0.0588904
0.0582135
0.0574995
0.0567488
0.0559622
0.0551409
0.0579092
0.0574613
0.0569749
0.0564462
0.0558711
0.0552461
0.054569
0.0538385
0.0530547
0.0522187
0.0359451
0.0356307
0.0353
0.0349529
0.0345897
0.0342105
0.0338156
0.0334053
0.0329801
0.0325404
0.0436004
0.0432156
0.0428114
0.0423879
0.0419452
0.0414836
0.0410034
0.040505
0.0399891
0.0394561
0.045746
0.0453446
0.0449231
0.0444815
0.0440201
0.0435391
0.0430388
0.0425198
0.0419826
0.0414277
0.0462324
0.045828
0.0454034
0.0449588
0.0444944
0.0440105
0.0435074
0.0429855
0.0424454
0.0418878
0.0463823
0.0459771
0.0455515
0.0451058
0.04464
0.0441545
0.0436496
0.0431258
0.0425837
0.0420238
0.0463609
0.0459557
0.0455305
0.0450853
0.0446202
0.0441355
0.0436317
0.0431091
0.0425683
0.0420099
0.0463385
0.0459334
0.0455081
0.0450625
0.0445969
0.0441117
0.043607
0.0430835
0.0425416
0.041982
0.0460569
0.0456531
0.0452292
0.0447853
0.0443215
0.0438382
0.0433357
0.0428144
0.042275
0.0417179
0.0451247
0.0447249
0.0443048
0.0438645
0.0434041
0.0429238
0.042424
0.0419052
0.0413678
0.0408126
0.0430128
0.0426416
0.0422436
0.0418178
0.0413635
0.0408802
0.0403679
0.0398267
0.0392574
0.0386606
0.0245899
0.0243778
0.0241566
0.0239264
0.0236874
0.0234398
0.0231838
0.0229195
0.0226474
0.0223676
0.0299268
0.0296666
0.0293953
0.0291133
0.0288205
0.0285173
0.028204
0.0278807
0.0275478
0.0272058
0.0314946
0.0312225
0.0309391
0.0306445
0.0303389
0.0300225
0.0296957
0.0293587
0.0290118
0.0286554
0.0319133
0.0316386
0.0313523
0.0310547
0.0307459
0.0304261
0.0300957
0.0297549
0.0294041
0.0290436
0.0319796
0.0317046
0.0314182
0.0311206
0.0308119
0.0304924
0.0301623
0.0298219
0.0294716
0.0291117
0.0320168
0.0317415
0.0314547
0.0311565
0.0308471
0.0305267
0.0301956
0.0298542
0.0295027
0.0291415
0.0319482
0.0316733
0.031387
0.0310895
0.0307808
0.0304614
0.0301314
0.0297911
0.0294409
0.0290811
0.0317758
0.0315015
0.0312156
0.0309185
0.0306101
0.0302909
0.0299609
0.0296206
0.0292703
0.0289104
0.0310672
0.0307947
0.0305107
0.0302153
0.0299087
0.029591
0.0292626
0.0289238
0.0285748
0.028216
0.0297661
0.0294917
0.0291985
0.0288868
0.0285575
0.0282113
0.0278492
0.0274719
0.0270803
0.0266748
0.0143722
0.0142508
0.0141247
0.0139939
0.0138587
0.013719
0.013575
0.0134268
0.0132746
0.0131186
0.0175001
0.0173511
0.0171964
0.017036
0.0168702
0.0166991
0.0165228
0.0163414
0.0161552
0.0159642
0.0184842
0.0183278
0.0181655
0.0179972
0.0178232
0.0176435
0.0174584
0.017268
0.0170725
0.016872
0.018721
0.0185633
0.0183996
0.01823
0.0180546
0.0178737
0.0176873
0.0174956
0.0172988
0.0170971
0.0187949
0.0186367
0.0184724
0.0183022
0.0181261
0.0179443
0.017757
0.0175643
0.0173664
0.0171636
0.0187853
0.0186273
0.0184632
0.0182933
0.0181176
0.0179363
0.0177496
0.0175575
0.0173604
0.0171583
0.0187734
0.0186153
0.0184511
0.0182809
0.0181049
0.0179232
0.017736
0.0175435
0.0173457
0.017143
0.0186388
0.0184812
0.0183177
0.0181482
0.0179731
0.0177923
0.017606
0.0174145
0.0172178
0.0170162
0.0182272
0.01807
0.0179066
0.0177372
0.0175619
0.0173808
0.0171942
0.0170021
0.0168047
0.0166023
0.0174562
0.0172857
0.017104
0.0169117
0.01671
0.0165001
0.0162827
0.0160588
0.0158288
0.0155931
0.00472987
0.00469045
0.00464957
0.00460725
0.00456354
0.00451846
0.00447205
0.00442436
0.00437543
0.00432531
0.00576484
0.00571639
0.00566614
0.00561412
0.00556038
0.00550496
0.00544792
0.00538929
0.00532915
0.00526754
0.00609023
0.00603939
0.0059867
0.00593219
0.0058759
0.00581788
0.00575818
0.00569685
0.00563395
0.00556954
0.00617999
0.0061286
0.0060753
0.00602012
0.00596312
0.00590433
0.00584382
0.00578163
0.00571784
0.00565249
0.00619482
0.00614338
0.00609006
0.00603491
0.00597797
0.00591928
0.0058589
0.00579687
0.00573326
0.00566813
0.00620259
0.00615109
0.00609766
0.00604236
0.00598522
0.0059263
0.00586564
0.00580331
0.00573936
0.00567385
0.00618799
0.00613657
0.00608327
0.00602814
0.00597122
0.00591254
0.00585218
0.00579017
0.00572657
0.00566146
0.00615108
0.00609976
0.00604653
0.00599143
0.0059345
0.0058758
0.00581537
0.00575328
0.00568957
0.00562432
0.00600651
0.00595525
0.00590207
0.00584703
0.00579015
0.00573148
0.00567108
0.005609
0.00554529
0.00548002
0.0057356
0.00567636
0.00561346
0.00554733
0.00547846
0.00540736
0.00533441
0.00525993
0.00518409
0.00510701
0.00662903
0.00676885
0.00608232
0.00530001
0.00455601
0.00393186
0.0034663
0.00316082
0.00298468
0.00288174
0.00616411
0.00588236
0.00541592
0.00483248
0.00421703
0.0036595
0.00322115
0.00292327
0.00274805
0.00264561
0.0056926
0.00539415
0.00491448
0.00437467
0.00383296
0.00334592
0.00295767
0.00268751
0.00252368
0.00242463
0.00554272
0.00523082
0.00473286
0.00418835
0.00366339
0.00320792
0.00285299
0.00260731
0.00245523
0.00235849
0.00558248
0.00528261
0.00480438
0.00428349
0.00378544
0.00335777
0.00302668
0.00279584
0.00264752
0.00254632
0.00575608
0.00549675
0.00508852
0.00464462
0.00421778
0.00384648
0.0035518
0.00333632
0.0031854
0.00307088
0.00604447
0.00585356
0.00556663
0.00525837
0.00495764
0.0046853
0.00445308
0.00426288
0.0041071
0.00397073
0.00643116
0.0063374
0.00622252
0.00610735
0.00598708
0.0058574
0.00571636
0.00556441
0.00540375
0.00523797
0.00688895
0.00692322
0.00702889
0.00715724
0.00726293
0.00731204
0.00728638
0.00718441
0.00701978
0.00681884
0.00738025
0.00757602
0.00793842
0.00834135
0.00869899
0.00894693
0.00904987
0.00900402
0.00883549
0.0085957
0.022736
0.0234418
0.0221329
0.0204897
0.0188342
0.0173668
0.0161925
0.0153333
0.0147382
0.0142962
0.0214416
0.0211591
0.0205738
0.0196225
0.0184486
0.017257
0.0162107
0.0153911
0.0147922
0.0143323
0.0203995
0.0201082
0.0195645
0.0188395
0.0179794
0.0170739
0.0162253
0.0155074
0.0149375
0.0144695
0.0202193
0.0199312
0.0193819
0.0186865
0.0179137
0.0171312
0.0164
0.015761
0.0152214
0.0147489
0.0204481
0.0202113
0.0197183
0.0190727
0.018351
0.017623
0.016941
0.016333
0.0157986
0.0153109
0.0208677
0.020722
0.0203626
0.0198474
0.0192353
0.0185869
0.0179512
0.017357
0.0168093
0.0162922
0.0213908
0.0213656
0.0212084
0.0209107
0.0204932
0.0199908
0.0194411
0.0188751
0.018311
0.0177533
0.0219826
0.0221061
0.022214
0.0222141
0.0220744
0.0217899
0.0213773
0.0208661
0.0202907
0.0196849
0.022622
0.0229286
0.0233621
0.0237296
0.023936
0.0239286
0.0236966
0.0232648
0.0226848
0.0220257
0.0232849
0.0238175
0.024625
0.0254044
0.0259971
0.0263002
0.0262726
0.0259329
0.0253509
0.0246346
0.0390897
0.0401334
0.0392519
0.0379314
0.0364599
0.0350196
0.0337167
0.0325935
0.0316351
0.0307773
0.0376849
0.0378255
0.0378999
0.0375658
0.0368434
0.0358775
0.0348213
0.0337839
0.0328137
0.0319009
0.0368671
0.0370529
0.0373137
0.0374272
0.0372624
0.0367933
0.0360777
0.0352078
0.0342684
0.0333134
0.0369999
0.0372563
0.0376029
0.0378474
0.0378765
0.0376284
0.0371024
0.0363472
0.0354377
0.0344544
0.0374371
0.0377877
0.0382155
0.0385085
0.0385735
0.0383621
0.0378704
0.0371343
0.0362187
0.0352075
0.0378028
0.0382309
0.0387205
0.0390309
0.0390777
0.0388284
0.0382949
0.0375215
0.0365753
0.0355376
0.0379179
0.0383763
0.0388776
0.0391682
0.0391689
0.0388597
0.0382668
0.0374463
0.03647
0.0354153
0.0377511
0.0381836
0.0386296
0.0388496
0.0387751
0.0383961
0.0377477
0.0368915
0.0358997
0.0348435
0.0373729
0.0377271
0.0380535
0.0381536
0.0379756
0.0375186
0.0368205
0.0359417
0.0349496
0.0339065
0.0369002
0.0371329
0.0372991
0.0372533
0.0369586
0.0364203
0.035676
0.0347817
0.0337977
0.0327764
0.0531131
0.0539456
0.0545943
0.0549509
0.0549874
0.0546821
0.0540394
0.0530993
0.0519362
0.0506521
0.0526734
0.0535139
0.0548427
0.0560237
0.0567829
0.056998
0.0566565
0.0558265
0.0546352
0.0532506
0.0530874
0.0540614
0.0557422
0.0574841
0.0588695
0.059625
0.0596458
0.058978
0.0577849
0.0563077
0.053859
0.0550032
0.0568971
0.0588675
0.0604957
0.0614774
0.0616654
0.0610772
0.0598756
0.058332
0.054425
0.0556856
0.0576331
0.059573
0.0611261
0.062026
0.0621463
0.0615076
0.0602652
0.0586827
0.0543528
0.0555939
0.0573611
0.058997
0.0601938
0.0607587
0.0606217
0.0598289
0.0585277
0.0569442
0.0533995
0.0544332
0.0557285
0.056755
0.0573187
0.0573306
0.0567942
0.0557863
0.0544352
0.0529027
0.0515726
0.0521885
0.0526898
0.052782
0.0524355
0.0516941
0.0506445
0.0493864
0.0480108
0.0465875
0.0491025
0.049083
0.0484761
0.0473361
0.0458383
0.044177
0.0425228
0.0409894
0.0396134
0.0383508
0.0463416
0.045471
0.0435304
0.040978
0.0381922
0.0355176
0.0332076
0.0313854
0.0300252
0.0289573
0.0629112
0.0627358
0.0664391
0.0703645
0.0737638
0.0761458
0.0772683
0.0771374
0.075993
0.0742707
0.0648862
0.0667283
0.0699486
0.0736737
0.0771422
0.079704
0.0809775
0.0808962
0.0796908
0.0778353
0.067654
0.0696839
0.0732664
0.0772641
0.0809183
0.0836013
0.0849286
0.084824
0.0835245
0.0815327
0.0691721
0.0714262
0.0752345
0.0793549
0.0830165
0.0856233
0.0868353
0.0866105
0.0852018
0.083112
0.0695121
0.071812
0.0754743
0.0792686
0.0825057
0.0846835
0.0855426
0.0850868
0.083569
0.0814478
0.0684771
0.0705415
0.0735574
0.0764596
0.0787375
0.0800577
0.0802848
0.0794765
0.0778602
0.075795
0.0658931
0.0673873
0.0691975
0.0705976
0.0713548
0.0713788
0.0706976
0.0694258
0.0677344
0.0658259
0.0618581
0.0624132
0.0624215
0.0616915
0.0603718
0.0586817
0.0568408
0.0550141
0.0532819
0.0516341
0.0567702
0.0559852
0.0535965
0.0501568
0.0462754
0.0425203
0.0393127
0.0368573
0.0351152
0.0338199
0.0512077
0.0486596
0.043427
0.0369122
0.0301824
0.0241572
0.0194619
0.0163365
0.0146087
0.0137299
0.0679867
0.0660125
0.0748684
0.0848819
0.0940544
0.101091
0.105335
0.106739
0.105824
0.10358
0.0738489
0.0771295
0.0830058
0.0904456
0.0979958
0.104188
0.10805
0.109284
0.108262
0.105911
0.0796326
0.0829561
0.0887223
0.0953016
0.101624
0.106665
0.109681
0.110405
0.109129
0.106661
0.0812716
0.0846541
0.0902554
0.0963114
0.101781
0.105843
0.107995
0.108133
0.106581
0.10404
0.0804025
0.083537
0.0884262
0.0934421
0.0977135
0.100619
0.101849
0.101422
0.0996637
0.0971553
0.0776075
0.0801314
0.0836539
0.0869139
0.0893653
0.0906818
0.0907648
0.089722
0.0878285
0.0854762
0.0730235
0.0745664
0.0760722
0.0768545
0.0768239
0.0760468
0.0746824
0.0729206
0.0709363
0.0688632
0.0668658
0.0670139
0.0658204
0.0633969
0.0602339
0.056872
0.0537631
0.051173
0.0491355
0.0474616
0.0595835
0.057842
0.0532214
0.0468901
0.040011
0.0336407
0.0285344
0.0250215
0.0229642
0.0217981
0.0517994
0.0475963
0.0389609
0.0282513
0.01729
0.00764855
0.000387374
-0.00410429
-0.00615237
-0.00672782
0.0706151
0.0669671
0.0828687
0.101033
0.117816
0.130897
0.139129
0.142449
0.14178
0.138839
0.0802237
0.0854233
0.094563
0.106455
0.118855
0.129337
0.136243
0.139027
0.138242
0.135351
0.0875696
0.092189
0.0998813
0.108642
0.11724
0.124351
0.128899
0.13042
0.129232
0.126399
0.0872813
0.0913469
0.0977612
0.10453
0.110597
0.115125
0.117581
0.117827
0.116192
0.113447
0.0835278
0.0867405
0.0914095
0.0959361
0.0995784
0.101857
0.102575
0.101812
0.0998922
0.097334
0.0781706
0.0803015
0.0827811
0.0846139
0.0855304
0.0854673
0.084523
0.082897
0.0808308
0.0785621
0.0717665
0.0726426
0.0725891
0.0713365
0.0691825
0.0665474
0.0638419
0.0613593
0.0592108
0.0573124
0.0644952
0.0638652
0.0608709
0.0561092
0.0505193
0.0450489
0.0404345
0.0370523
0.0348559
0.0334037
0.056574
0.0540206
0.0475154
0.0387366
0.0293188
0.0207459
0.0140716
0.00974002
0.00752694
0.00660231
0.0483593
0.0433066
0.0327462
0.0195523
0.00601802
-0.00585491
-0.0147036
-0.0200211
-0.0222204
-0.0225425
0.0748879
0.0719273
0.0943131
0.119509
0.142561
0.160401
0.171586
0.176141
0.175381
0.171628
0.0837283
0.0907795
0.102674
0.117961
0.133851
0.147291
0.156208
0.15994
0.159214
0.155877
0.0871333
0.0922659
0.100472
0.109734
0.118916
0.12665
0.131737
0.1336
0.132528
0.129654
0.0817475
0.085253
0.0904409
0.0957179
0.100362
0.103792
0.105591
0.105613
0.104082
0.101613
0.0739888
0.0759662
0.0783052
0.0801115
0.0811395
0.0813101
0.0806679
0.0793414
0.0775221
0.0754477
0.0664931
0.0671576
0.0669233
0.0656037
0.0634872
0.0609661
0.0584214
0.0561235
0.0541712
0.0524761
0.0596879
0.0592532
0.0567584
0.0526554
0.0477492
0.0428798
0.0387228
0.0356425
0.0336224
0.0322781
0.0532694
0.0517603
0.0471027
0.0403776
0.0328793
0.0258577
0.0202466
0.0164806
0.0144253
0.0134232
0.0469301
0.044115
0.037072
0.0276205
0.0175273
0.00840567
0.00140393
-0.00299737
-0.00505363
-0.00568702
0.0405888
0.0360326
0.0262592
0.0138925
0.00111222
-0.0101468
-0.0185458
-0.0235687
-0.0255945
-0.025813
0.0779183
0.0798163
0.102533
0.127347
0.149642
0.166611
0.176989
0.180901
0.179674
0.175574
0.076813
0.083813
0.0952352
0.109496
0.124075
0.136257
0.144229
0.147452
0.146633
0.14347
0.0691346
0.0726873
0.0785131
0.0852817
0.0921907
0.0981592
0.102176
0.103709
0.102928
0.100707
0.0581983
0.0594105
0.0611479
0.0629444
0.0645992
0.0658709
0.0664949
0.0662884
0.0652705
0.0637245
0.0489194
0.0486534
0.0475358
0.0458174
0.043821
0.0418385
0.0400666
0.0385797
0.0373453
0.0362592
0.0423429
0.0412506
0.0383126
0.0342403
0.0297758
0.0256129
0.0222574
0.0199355
0.0185629
0.0177734
0.0377335
0.0362187
0.0321936
0.0266395
0.0205912
0.0150265
0.0106619
0.0078165
0.00636093
0.00575569
0.0341173
0.0322996
0.0275304
0.020989
0.0139086
0.00744971
0.00245707
-0.000701246
-0.00219157
-0.00266634
0.0308566
0.0286235
0.023107
0.0157254
0.0078555
0.00076406
-0.00464241
-0.00798304
-0.00946087
-0.00980911
0.0276933
0.0248012
0.0183929
0.0101542
0.00155083
-0.00609083
-0.0118349
-0.0153036
-0.016737
-0.0169387
0.0502487
0.0561879
0.0664835
0.0776657
0.087739
0.0953864
0.0999524
0.101424
0.10038
0.0978965
0.0378148
0.0403507
0.0449523
0.0508759
0.0569892
0.0621073
0.0654298
0.0667073
0.0662403
0.0647671
0.0256673
0.0257274
0.0267746
0.0286178
0.030852
0.0329618
0.034476
0.0351278
0.0349383
0.0342129
0.0185518
0.017612
0.0165838
0.0158644
0.0154789
0.0153418
0.0153042
0.0152193
0.0150028
0.0146688
0.0147356
0.0135391
0.0115611
0.00942181
0.00744741
0.00585328
0.00473068
0.00405672
0.0037223
0.00356774
0.0127915
0.0116293
0.00933885
0.0065663
0.00378741
0.00139685
-0.000356557
-0.0014018
-0.00184415
-0.00193473
0.0117182
0.010679
0.00838756
0.00544823
0.00238725
-0.000321847
-0.00235037
-0.00357241
-0.00408091
-0.00416228
0.0109678
0.0100394
0.00785882
0.00498198
0.00193357
-0.000799568
-0.00286797
-0.00412627
-0.00465671
-0.00474727
0.0103152
0.00943913
0.00737005
0.00463632
0.00173562
-0.000870625
-0.00284969
-0.00406106
-0.00458039
-0.00468053
0.0096991
0.00880808
0.00682248
0.00425149
0.00154654
-0.000875773
-0.00271541
-0.00384621
-0.00433856
-0.00444356
0.00423529
0.00105658
0.000258568
6.32323e-05
1.53981e-05
3.72884e-06
8.98429e-07
2.15729e-07
5.22567e-08
1.52326e-08
0.00431668
0.00106276
0.000259144
6.33012e-05
1.54081e-05
3.73045e-06
8.98711e-07
2.15781e-07
5.22669e-08
1.5235e-08
0.00448381
0.00107514
0.000260291
6.34387e-05
1.54278e-05
3.73366e-06
8.99276e-07
2.15886e-07
5.22872e-08
1.52398e-08
0.00474576
0.0010938
0.000262002
6.36435e-05
1.54574e-05
3.73846e-06
9.0012e-07
2.16043e-07
5.23177e-08
1.52471e-08
0.00511702
0.00111882
0.000264264
6.39141e-05
1.54964e-05
3.74482e-06
9.01239e-07
2.16251e-07
5.23581e-08
1.52566e-08
0.00561851
0.00115032
0.00026706
6.42483e-05
1.55448e-05
3.75271e-06
9.0263e-07
2.16509e-07
5.24084e-08
1.52686e-08
0.00627859
0.00118839
0.000270369
6.46435e-05
1.56021e-05
3.76208e-06
9.04287e-07
2.16818e-07
5.24685e-08
1.52828e-08
0.00713351
0.00123307
0.000274162
6.50965e-05
1.5668e-05
3.77289e-06
9.06202e-07
2.17175e-07
5.2538e-08
1.52992e-08
0.00822587
0.00128433
0.000278409
6.56037e-05
1.57421e-05
3.78509e-06
9.08369e-07
2.1758e-07
5.26169e-08
1.53179e-08
0.00959771
0.00134191
0.000283068
6.61611e-05
1.58239e-05
3.79861e-06
9.10778e-07
2.18031e-07
5.27049e-08
1.53386e-08
0.0114979
0.00299888
0.000744745
0.000183015
4.46433e-05
1.08176e-05
2.60699e-06
6.26038e-07
1.51652e-07
4.42066e-08
0.0116637
0.00301422
0.000746321
0.000183211
4.46719e-05
1.08222e-05
2.60781e-06
6.2619e-07
1.51682e-07
4.42136e-08
0.0119988
0.00304487
0.000749461
0.000183602
4.47289e-05
1.08315e-05
2.60945e-06
6.26494e-07
1.51741e-07
4.42275e-08
0.0125101
0.00309076
0.00075414
0.000184184
4.48139e-05
1.08454e-05
2.61189e-06
6.26948e-07
1.51829e-07
4.42485e-08
0.0132078
0.00315175
0.000760317
0.000184953
4.49264e-05
1.08638e-05
2.61514e-06
6.27552e-07
1.51946e-07
4.42763e-08
0.0141042
0.00322762
0.000767942
0.000185903
4.50657e-05
1.08867e-05
2.61917e-06
6.28302e-07
1.52092e-07
4.43108e-08
0.0152131
0.003318
0.000776947
0.000187026
4.52308e-05
1.09138e-05
2.62397e-06
6.29197e-07
1.52266e-07
4.4352e-08
0.0165471
0.00342236
0.000787254
0.000188313
4.54207e-05
1.09451e-05
2.62953e-06
6.30234e-07
1.52468e-07
4.43997e-08
0.0181149
0.00353992
0.000798769
0.000189755
4.56342e-05
1.09804e-05
2.63581e-06
6.31408e-07
1.52697e-07
4.44538e-08
0.0199159
0.0036696
0.000811382
0.000191339
4.58699e-05
1.10195e-05
2.64279e-06
6.32717e-07
1.52952e-07
4.4514e-08
0.016296
0.00450356
0.00114449
0.000283645
6.94057e-05
1.68372e-05
4.05944e-06
9.74984e-07
2.36196e-07
6.88527e-08
0.0164694
0.00452308
0.00114673
0.00028394
6.94497e-05
1.68444e-05
4.06071e-06
9.75221e-07
2.36242e-07
6.88635e-08
0.0168171
0.004562
0.00115121
0.000284527
6.95372e-05
1.68588e-05
4.06326e-06
9.75694e-07
2.36333e-07
6.88853e-08
0.0173408
0.00462006
0.00115787
0.000285403
6.96679e-05
1.68804e-05
4.06706e-06
9.76401e-07
2.36471e-07
6.89179e-08
0.0180423
0.00469687
0.00116666
0.000286559
6.98408e-05
1.69089e-05
4.07211e-06
9.7734e-07
2.36654e-07
6.89613e-08
0.018923
0.00479186
0.00117751
0.000287987
7.00549e-05
1.69443e-05
4.07838e-06
9.78508e-07
2.36881e-07
6.90151e-08
0.0199834
0.00490429
0.0011903
0.000289675
7.03087e-05
1.69863e-05
4.08584e-06
9.79901e-07
2.37152e-07
6.90793e-08
0.0212211
0.0050332
0.00120494
0.000291611
7.06006e-05
1.70348e-05
4.09448e-06
9.81514e-07
2.37466e-07
6.91535e-08
0.02263
0.00517738
0.00122128
0.000293778
7.09288e-05
1.70895e-05
4.10424e-06
9.83342e-07
2.37822e-07
6.92376e-08
0.0241989
0.00533539
0.00123916
0.000296161
7.12913e-05
1.71502e-05
4.1151e-06
9.85379e-07
2.3822e-07
6.93313e-08
0.0185209
0.00543224
0.00141763
0.00035508
8.72396e-05
2.11963e-05
5.11339e-06
1.22839e-06
2.9761e-07
8.67581e-08
0.0186677
0.00545207
0.00142019
0.000355436
8.7294e-05
2.12053e-05
5.115e-06
1.22869e-06
2.97668e-07
8.67718e-08
0.0189608
0.00549156
0.00142528
0.000356144
8.74024e-05
2.12234e-05
5.11819e-06
1.22928e-06
2.97783e-07
8.67993e-08
0.0193993
0.00555038
0.00143286
0.0003572
8.75643e-05
2.12503e-05
5.12297e-06
1.23017e-06
2.97957e-07
8.68404e-08
0.0199812
0.00562802
0.00144286
0.000358595
8.77784e-05
2.1286e-05
5.12932e-06
1.23136e-06
2.98187e-07
8.6895e-08
0.0207036
0.00572377
0.00145519
0.000360318
8.80435e-05
2.13303e-05
5.1372e-06
1.23283e-06
2.98473e-07
8.69629e-08
0.0215622
0.00583677
0.00146973
0.000362356
8.83579e-05
2.13829e-05
5.14658e-06
1.23458e-06
2.98814e-07
8.70437e-08
0.0225506
0.00596592
0.00148636
0.000364692
8.87195e-05
2.14436e-05
5.15743e-06
1.23661e-06
2.9921e-07
8.71373e-08
0.0236602
0.00610995
0.00150493
0.00036731
8.91262e-05
2.15122e-05
5.16971e-06
1.23891e-06
2.99659e-07
8.72432e-08
0.02488
0.00626739
0.00152526
0.000370188
8.95754e-05
2.15881e-05
5.18336e-06
1.24148e-06
3.00159e-07
8.73612e-08
0.018581
0.00575575
0.00154241
0.000390717
9.64307e-05
2.34708e-05
5.66591e-06
1.36147e-06
3.29884e-07
9.61703e-08
0.0186938
0.00577364
0.00154497
0.000391094
9.64898e-05
2.34807e-05
5.66769e-06
1.3618e-06
3.29948e-07
9.61856e-08
0.0189187
0.00580924
0.00155006
0.000391844
9.66078e-05
2.35005e-05
5.67122e-06
1.36246e-06
3.30077e-07
9.6216e-08
0.0192538
0.00586223
0.00155764
0.000392962
9.67837e-05
2.35302e-05
5.6765e-06
1.36345e-06
3.30269e-07
9.62617e-08
0.0196966
0.0059321
0.00156764
0.000394438
9.70166e-05
2.35694e-05
5.68351e-06
1.36476e-06
3.30524e-07
9.63222e-08
0.0202435
0.00601819
0.00157997
0.000396263
9.73049e-05
2.36182e-05
5.69222e-06
1.36638e-06
3.30841e-07
9.63975e-08
0.0208896
0.00611965
0.00159453
0.000398421
9.76469e-05
2.36761e-05
5.7026e-06
1.36833e-06
3.31219e-07
9.64871e-08
0.0216288
0.00623549
0.00161117
0.000400896
9.80404e-05
2.37429e-05
5.71459e-06
1.37057e-06
3.31658e-07
9.65908e-08
0.0224539
0.00636455
0.00162975
0.00040367
9.84829e-05
2.38183e-05
5.72817e-06
1.37312e-06
3.32155e-07
9.67082e-08
0.0233559
0.00650553
0.00165011
0.000406722
9.89719e-05
2.39019e-05
5.74326e-06
1.37596e-06
3.32709e-07
9.68389e-08
0.0169959
0.00551657
0.00151449
0.000387824
9.6149e-05
2.34443e-05
5.66349e-06
1.36125e-06
3.29865e-07
9.61684e-08
0.017078
0.00553145
0.00151681
0.000388184
9.6207e-05
2.34542e-05
5.66525e-06
1.36158e-06
3.29929e-07
9.61836e-08
0.0172413
0.00556106
0.00152144
0.000388901
9.63227e-05
2.34739e-05
5.66878e-06
1.36224e-06
3.30057e-07
9.62142e-08
0.0174844
0.00560513
0.00152834
0.000389971
9.64954e-05
2.35033e-05
5.67405e-06
1.36323e-06
3.30249e-07
9.62598e-08
0.017805
0.00566321
0.00153744
0.000391384
9.67239e-05
2.35422e-05
5.68104e-06
1.36453e-06
3.30504e-07
9.63204e-08
0.0182001
0.00573476
0.00154866
0.00039313
9.70068e-05
2.35906e-05
5.68972e-06
1.36616e-06
3.30821e-07
9.63957e-08
0.0186656
0.00581906
0.0015619
0.000395196
9.73425e-05
2.36481e-05
5.70006e-06
1.3681e-06
3.312e-07
9.64853e-08
0.019197
0.00591528
0.00157705
0.000397567
9.77288e-05
2.37144e-05
5.71202e-06
1.37034e-06
3.31638e-07
9.6589e-08
0.0197887
0.00602249
0.00159398
0.000400224
9.81633e-05
2.37893e-05
5.72556e-06
1.37289e-06
3.32134e-07
9.67064e-08
0.0204344
0.00613961
0.00161253
0.000403149
9.86436e-05
2.38723e-05
5.74061e-06
1.37573e-06
3.32688e-07
9.6837e-08
0.0142328
0.00479691
0.0013441
0.000347487
8.65016e-05
2.1127e-05
5.10704e-06
1.22782e-06
2.97558e-07
8.67531e-08
0.0142897
0.00480842
0.00134603
0.0003478
8.6553e-05
2.11359e-05
5.10863e-06
1.22811e-06
2.97616e-07
8.67669e-08
0.014403
0.00483133
0.00134988
0.000348422
8.66556e-05
2.11535e-05
5.1118e-06
1.22871e-06
2.97732e-07
8.67944e-08
0.0145717
0.0048654
0.00135562
0.00034935
8.68087e-05
2.11799e-05
5.11654e-06
1.2296e-06
2.97905e-07
8.68357e-08
0.0147938
0.00491033
0.00136319
0.000350576
8.70114e-05
2.12148e-05
5.12283e-06
1.23077e-06
2.98135e-07
8.68904e-08
0.0150674
0.00496566
0.00137253
0.000352092
8.72623e-05
2.12581e-05
5.13064e-06
1.23224e-06
2.98421e-07
8.69583e-08
0.0153894
0.00503086
0.00138355
0.000353886
8.75601e-05
2.13096e-05
5.13994e-06
1.23399e-06
2.98762e-07
8.70392e-08
0.0157568
0.00510531
0.00139617
0.000355944
8.79028e-05
2.1369e-05
5.1507e-06
1.23601e-06
2.99157e-07
8.71327e-08
0.0161655
0.00518827
0.00141027
0.000358253
8.82884e-05
2.14361e-05
5.16288e-06
1.2383e-06
2.99605e-07
8.72385e-08
0.0166114
0.00527896
0.00142573
0.000360795
8.87146e-05
2.15105e-05
5.17643e-06
1.24086e-06
3.00105e-07
8.73563e-08
0.0106664
0.00369778
0.00105266
0.000274224
6.84922e-05
1.67516e-05
4.05158e-06
9.74275e-07
2.36132e-07
6.88465e-08
0.0107034
0.00370589
0.0010541
0.000274464
6.85325e-05
1.67586e-05
4.05284e-06
9.74511e-07
2.36178e-07
6.88575e-08
0.010777
0.00372203
0.00105697
0.000274943
6.86128e-05
1.67725e-05
4.05535e-06
9.74982e-07
2.3627e-07
6.88794e-08
0.0108865
0.00374604
0.00106124
0.000275657
6.87326e-05
1.67933e-05
4.0591e-06
9.75685e-07
2.36408e-07
6.89121e-08
0.0110307
0.0037777
0.00106688
0.0002766
6.88912e-05
1.68208e-05
4.06408e-06
9.7662e-07
2.3659e-07
6.89556e-08
0.0112083
0.0038167
0.00107384
0.000277767
6.90876e-05
1.6855e-05
4.07027e-06
9.77781e-07
2.36817e-07
6.90095e-08
0.0114173
0.00386267
0.00108205
0.000279147
6.93207e-05
1.68956e-05
4.07764e-06
9.79167e-07
2.37088e-07
6.90738e-08
0.0116557
0.00391517
0.00109146
0.000280732
6.9589e-05
1.69425e-05
4.08616e-06
9.80771e-07
2.37401e-07
6.9148e-08
0.0119209
0.0039737
0.00110197
0.00028251
6.98909e-05
1.69954e-05
4.0958e-06
9.82589e-07
2.37756e-07
6.92319e-08
0.0122104
0.00403772
0.00111351
0.000284468
7.02248e-05
1.70542e-05
4.10652e-06
9.84616e-07
2.38153e-07
6.93254e-08
0.00658773
0.00232701
0.000669617
0.000175363
4.39032e-05
1.07483e-05
2.60063e-06
6.25465e-07
1.51601e-07
4.42017e-08
0.00660847
0.00233181
0.000670502
0.000175514
4.39288e-05
1.07527e-05
2.60144e-06
6.25616e-07
1.51631e-07
4.42087e-08
0.00664975
0.00234137
0.000672264
0.000175814
4.39798e-05
1.07616e-05
2.60305e-06
6.25918e-07
1.5169e-07
4.42228e-08
0.00671115
0.00235559
0.000674889
0.000176263
4.4056e-05
1.07749e-05
2.60545e-06
6.2637e-07
1.51778e-07
4.42439e-08
0.00679204
0.00237434
0.000678354
0.000176856
4.41569e-05
1.07925e-05
2.60864e-06
6.26969e-07
1.51895e-07
4.42719e-08
0.0068916
0.00239744
0.00068263
0.000177589
4.42817e-05
1.08144e-05
2.61261e-06
6.27714e-07
1.52041e-07
4.43065e-08
0.00700883
0.00242468
0.000687681
0.000178456
4.44299e-05
1.08404e-05
2.61733e-06
6.28603e-07
1.52215e-07
4.43478e-08
0.00714253
0.00245579
0.000693465
0.000179453
4.46006e-05
1.08703e-05
2.62279e-06
6.29632e-07
1.52416e-07
4.43954e-08
0.00729136
0.0024905
0.000699933
0.00018057
4.47926e-05
1.09042e-05
2.62897e-06
6.30799e-07
1.52644e-07
4.44493e-08
0.00745381
0.00252847
0.000707033
0.000181802
4.50049e-05
1.09418e-05
2.63585e-06
6.32099e-07
1.52898e-07
4.45092e-08
0.00222602
0.000793685
0.000229637
6.03011e-05
1.51152e-05
3.70236e-06
8.96002e-07
2.1551e-07
5.22373e-08
1.52307e-08
0.0022327
0.000795273
0.000229935
6.03526e-05
1.5124e-05
3.70389e-06
8.96279e-07
2.15562e-07
5.22475e-08
1.52332e-08
0.00224598
0.000798435
0.000230529
6.04551e-05
1.51415e-05
3.70695e-06
8.96833e-07
2.15666e-07
5.22679e-08
1.52381e-08
0.00226574
0.000803139
0.000231413
6.06079e-05
1.51676e-05
3.71152e-06
8.9766e-07
2.15822e-07
5.22984e-08
1.52454e-08
0.00229178
0.000809342
0.000232581
6.081e-05
1.52021e-05
3.71757e-06
8.98759e-07
2.16028e-07
5.23388e-08
1.52551e-08
0.00232383
0.000816986
0.000234023
6.10598e-05
1.52449e-05
3.72508e-06
9.00123e-07
2.16285e-07
5.2389e-08
1.52671e-08
0.00236157
0.000825998
0.000235725
6.13555e-05
1.52958e-05
3.73402e-06
9.01749e-07
2.16591e-07
5.24488e-08
1.52813e-08
0.00240461
0.000836296
0.000237675
6.16951e-05
1.53543e-05
3.74433e-06
9.03629e-07
2.16945e-07
5.25181e-08
1.52977e-08
0.00245254
0.000847784
0.000239856
6.20762e-05
1.54201e-05
3.75597e-06
9.05756e-07
2.17347e-07
5.25965e-08
1.53163e-08
0.00250486
0.000860355
0.00024225
6.2496e-05
1.54929e-05
3.76888e-06
9.08123e-07
2.17795e-07
5.2684e-08
1.53369e-08
0.0246104
0.00191032
0.000328176
7.15723e-05
1.66224e-05
3.93119e-06
9.34486e-07
2.22482e-07
5.35736e-08
1.55434e-08
0.0270646
0.00225511
0.000387868
8.27343e-05
1.87804e-05
4.35649e-06
1.01948e-06
2.39669e-07
5.71078e-08
1.64109e-08
0.0274354
0.00235738
0.000413696
8.89136e-05
2.02067e-05
4.67794e-06
1.09084e-06
2.55358e-07
6.05603e-08
1.73085e-08
0.0275118
0.00238652
0.000422924
9.15327e-05
2.08983e-05
4.85191e-06
1.13318e-06
2.6544e-07
6.29359e-08
1.79629e-08
0.0275288
0.00239423
0.000425737
9.24247e-05
2.1155e-05
4.92106e-06
1.15111e-06
2.70005e-07
6.40895e-08
1.82992e-08
0.0275306
0.00239503
0.000425985
9.24777e-05
2.11595e-05
4.91897e-06
1.14994e-06
2.69702e-07
6.40528e-08
1.82999e-08
0.0275222
0.00239029
0.000423916
9.17132e-05
2.09052e-05
4.84104e-06
1.12782e-06
2.63901e-07
6.2632e-08
1.79023e-08
0.0274816
0.00236951
0.000415884
8.91171e-05
2.01496e-05
4.6351e-06
1.07447e-06
2.50674e-07
5.94583e-08
1.70227e-08
0.0273
0.00228674
0.000389225
8.18684e-05
1.83499e-05
4.21016e-06
9.77001e-07
2.2871e-07
5.45172e-08
1.57105e-08
0.0264344
0.00194297
0.000310027
6.53879e-05
1.50275e-05
3.54955e-06
8.46067e-07
2.02501e-07
4.91082e-08
1.43534e-08
0.0380251
0.00492901
0.000933312
0.000206716
4.81708e-05
1.14033e-05
2.71153e-06
6.45629e-07
1.55473e-07
4.51082e-08
0.0435851
0.00587029
0.00110342
0.000238899
5.44179e-05
1.26364e-05
2.9581e-06
6.95499e-07
1.65729e-07
4.76257e-08
0.0446039
0.00616216
0.00117791
0.000256787
5.85527e-05
1.35688e-05
3.16515e-06
7.4103e-07
1.75748e-07
5.02303e-08
0.0448231
0.00624627
0.00120462
0.00026438
6.05592e-05
1.40736e-05
3.28804e-06
7.70289e-07
1.82642e-07
5.21294e-08
0.0448716
0.00626856
0.00121278
0.000266967
6.13038e-05
1.42743e-05
3.34009e-06
7.8354e-07
1.85991e-07
5.31059e-08
0.0448775
0.00627091
0.0012135
0.000267121
6.13167e-05
1.42682e-05
3.33668e-06
7.82661e-07
1.85884e-07
5.31076e-08
0.0448525
0.00625716
0.0012075
0.000264903
6.05786e-05
1.4042e-05
3.27247e-06
7.65825e-07
1.81759e-07
5.19531e-08
0.0447364
0.00619708
0.00118423
0.000257373
5.83864e-05
1.34445e-05
3.11771e-06
7.27451e-07
1.72548e-07
4.93991e-08
0.0442316
0.00595908
0.00110711
0.000236362
5.31658e-05
1.22117e-05
2.83495e-06
6.63727e-07
1.5821e-07
4.55902e-08
0.0422305
0.00499753
0.000879653
0.00018871
4.35384e-05
1.02958e-05
2.45506e-06
5.87663e-07
1.42511e-07
4.16524e-08
0.0395489
0.00686143
0.00141202
0.000319302
7.48299e-05
1.77452e-05
4.22199e-06
1.00548e-06
2.42145e-07
7.02565e-08
0.046474
0.00821313
0.00166908
0.000368842
8.45144e-05
1.96621e-05
4.60574e-06
1.08313e-06
2.58116e-07
7.41769e-08
0.0479523
0.00865533
0.00178381
0.000396574
9.0942e-05
2.11133e-05
4.92813e-06
1.15404e-06
2.73719e-07
7.82329e-08
0.048285
0.00878499
0.00182524
0.000408377
9.40644e-05
2.18993e-05
5.11953e-06
1.19961e-06
2.84458e-07
8.1191e-08
0.048361
0.00881961
0.00183792
0.000412402
9.52233e-05
2.22117e-05
5.2006e-06
1.22026e-06
2.89675e-07
8.27125e-08
0.048369
0.00882323
0.00183903
0.000412639
9.52428e-05
2.22021e-05
5.19528e-06
1.21889e-06
2.89508e-07
8.27152e-08
0.0483315
0.00880193
0.00182971
0.000409186
9.40931e-05
2.18498e-05
5.09529e-06
1.19267e-06
2.8308e-07
8.09149e-08
0.0481527
0.0087089
0.00179355
0.000397472
9.06803e-05
2.09196e-05
4.85437e-06
1.13293e-06
2.68734e-07
7.69341e-08
0.0474015
0.00834347
0.00167414
0.000364822
8.25567e-05
1.90007e-05
4.41425e-06
1.03372e-06
2.46405e-07
7.10002e-08
0.0446574
0.00691188
0.00132583
0.000291097
6.76039e-05
1.60202e-05
3.8228e-06
9.15247e-07
2.21951e-07
6.48682e-08
0.0366837
0.00778513
0.00172178
0.000398151
9.39621e-05
2.23333e-05
5.31773e-06
1.26678e-06
3.05103e-07
8.85264e-08
0.0437846
0.00934353
0.00203393
0.00045963
0.000106089
2.47425e-05
5.8008e-06
1.36458e-06
3.25223e-07
9.34654e-08
0.0455078
0.00988216
0.00217642
0.000494358
0.000114167
2.65691e-05
6.20686e-06
1.45392e-06
3.44882e-07
9.85755e-08
0.0459162
0.0100434
0.00222832
0.000509192
0.000118097
2.75591e-05
6.44801e-06
1.51135e-06
3.58415e-07
1.02303e-07
0.0460098
0.0100868
0.00224424
0.000514256
0.000119556
2.79526e-05
6.55017e-06
1.53737e-06
3.64988e-07
1.04221e-07
0.0460211
0.0100914
0.00224565
0.000514553
0.00011958
2.79403e-05
6.54345e-06
1.53565e-06
3.64774e-07
1.04223e-07
0.0459732
0.0100646
0.00223393
0.000510205
0.000118131
2.74965e-05
6.41751e-06
1.50261e-06
3.56669e-07
1.01951e-07
0.0457529
0.00994832
0.00218852
0.000495465
0.000113834
2.63253e-05
6.11419e-06
1.42738e-06
3.38591e-07
9.69304e-08
0.0448414
0.00949519
0.00203913
0.000454447
0.00010361
2.39091e-05
5.56001e-06
1.30244e-06
3.10463e-07
8.94521e-08
0.0415448
0.00777033
0.00160906
0.000362351
8.48398e-05
2.01596e-05
4.81513e-06
1.15315e-06
2.79648e-07
8.17284e-08
0.0320484
0.00786424
0.001847
0.000436385
0.000103748
2.47221e-05
5.89181e-06
1.40398e-06
3.38187e-07
9.813e-08
0.0386022
0.00944724
0.00217977
0.000503394
0.000117095
2.73849e-05
6.42666e-06
1.51235e-06
3.60485e-07
1.03604e-07
0.0403737
0.0100233
0.00233519
0.000541618
0.000126022
2.94072e-05
6.87655e-06
1.61136e-06
3.82275e-07
1.09268e-07
0.040812
0.0101995
0.00239233
0.000558011
0.000130372
3.05039e-05
7.14382e-06
1.67502e-06
3.97275e-07
1.134e-07
0.0409158
0.0102473
0.00240994
0.000563616
0.000131988
3.094e-05
7.25706e-06
1.70387e-06
4.0456e-07
1.15526e-07
0.0409269
0.0102523
0.00241149
0.000563943
0.000132014
3.09262e-05
7.2496e-06
1.70194e-06
4.04316e-07
1.15527e-07
0.0408756
0.0102228
0.00239853
0.000559127
0.000130409
3.04345e-05
7.1101e-06
1.66532e-06
3.95322e-07
1.13002e-07
0.0406349
0.0100949
0.00234837
0.000542812
0.000125649
2.91373e-05
6.7742e-06
1.582e-06
3.75285e-07
1.07432e-07
0.0396545
0.00960049
0.00218404
0.000497498
0.000114333
2.64613e-05
6.16037e-06
1.4436e-06
3.44117e-07
9.91416e-08
0.0360052
0.00776271
0.00171713
0.000396379
9.36148e-05
2.23126e-05
5.33515e-06
1.27811e-06
3.09958e-07
9.05846e-08
0.0266485
0.00726893
0.00179209
0.000431592
0.000103335
2.46867e-05
5.88876e-06
1.40372e-06
3.38163e-07
9.81275e-08
0.0322532
0.00873072
0.00211261
0.000497483
0.000116586
2.73414e-05
6.42294e-06
1.51203e-06
3.60456e-07
1.036e-07
0.0339059
0.00928731
0.00226555
0.000535433
0.000125485
2.93609e-05
6.87259e-06
1.61102e-06
3.82244e-07
1.09264e-07
0.0343328
0.00946094
0.00232231
0.000551774
0.000129829
3.0457e-05
7.13981e-06
1.67468e-06
3.97243e-07
1.13397e-07
0.0344342
0.00950841
0.00233985
0.00055737
0.000131444
3.08929e-05
7.25302e-06
1.70352e-06
4.04524e-07
1.15523e-07
0.0344465
0.00951348
0.0023414
0.000557695
0.000131469
3.08791e-05
7.24557e-06
1.70158e-06
4.0427e-07
1.15521e-07
0.0343945
0.0094841
0.00232847
0.000552883
0.000129865
3.03878e-05
7.10619e-06
1.66497e-06
3.95266e-07
1.1299e-07
0.0341588
0.00935716
0.00227848
0.000536592
0.000125109
2.90918e-05
6.77067e-06
1.58172e-06
3.75233e-07
1.07414e-07
0.0331978
0.00886957
0.00211537
0.000491431
0.000113809
2.64181e-05
6.15733e-06
1.44342e-06
3.4408e-07
9.91237e-08
0.0294778
0.00709018
0.00165737
0.000391257
9.31809e-05
2.22772e-05
5.33257e-06
1.27793e-06
3.09923e-07
9.05723e-08
0.0209029
0.00615398
0.00157551
0.000385525
9.28799e-05
2.22404e-05
5.30973e-06
1.26608e-06
3.05041e-07
8.852e-08
0.0253532
0.00738624
0.00185524
0.000444068
0.000104754
2.46284e-05
5.79106e-06
1.36375e-06
3.25148e-07
9.34562e-08
0.02676
0.00787334
0.00199122
0.000478075
0.000112758
2.64479e-05
6.19649e-06
1.45303e-06
3.44801e-07
9.85651e-08
0.0271345
0.00802791
0.00204209
0.000492773
0.000116671
2.74362e-05
6.4375e-06
1.51045e-06
3.5833e-07
1.02294e-07
0.027226
0.0080705
0.00205788
0.000497814
0.000118127
2.78292e-05
6.53961e-06
1.53646e-06
3.64894e-07
1.04212e-07
0.0272359
0.00807504
0.00205927
0.000498106
0.000118149
2.78168e-05
6.53289e-06
1.5347e-06
3.64655e-07
1.04207e-07
0.0271905
0.00804868
0.00204763
0.000493768
0.000116703
2.7374e-05
6.40729e-06
1.50169e-06
3.56523e-07
1.01917e-07
0.02698
0.0079349
0.00200267
0.000479091
0.000112416
2.62061e-05
6.10497e-06
1.42666e-06
3.38456e-07
9.68823e-08
0.0261251
0.00749998
0.00185646
0.000438474
0.000102235
2.37959e-05
5.55209e-06
1.30199e-06
3.10367e-07
8.94045e-08
0.0226721
0.00593341
0.00145002
0.000348859
8.37009e-05
2.00668e-05
4.80842e-06
1.15268e-06
2.79556e-07
8.16956e-08
0.0149973
0.00465582
0.00122531
0.000303524
7.34875e-05
1.76303e-05
4.21209e-06
1.00462e-06
2.42069e-07
7.02485e-08
0.0182028
0.00558322
0.00144149
0.000349409
8.28581e-05
1.95209e-05
4.5937e-06
1.08209e-06
2.58022e-07
7.41653e-08
0.0192689
0.00596048
0.00154813
0.000376248
8.91944e-05
2.09634e-05
4.91531e-06
1.15294e-06
2.73618e-07
7.82196e-08
0.0195607
0.00608184
0.00158829
0.000387884
9.22969e-05
2.17473e-05
5.10654e-06
1.1985e-06
2.84354e-07
8.11792e-08
0.019632
0.00611547
0.00160078
0.000391879
9.34511e-05
2.20591e-05
5.18756e-06
1.21913e-06
2.89559e-07
8.27015e-08
0.0196406
0.00611908
0.00160189
0.000392109
9.34689e-05
2.20493e-05
5.18223e-06
1.21772e-06
2.89361e-07
8.26948e-08
0.0196041
0.00609822
0.00159267
0.00038867
9.23219e-05
2.16983e-05
5.08268e-06
1.19154e-06
2.82899e-07
8.08726e-08
0.0194394
0.00600842
0.00155708
0.000377033
8.8922e-05
2.07723e-05
4.84304e-06
1.13206e-06
2.68565e-07
7.6873e-08
0.0187652
0.00566609
0.00144161
0.000344877
8.08509e-05
1.88608e-05
4.40456e-06
1.03318e-06
2.46286e-07
7.09394e-08
0.0159339
0.0044435
0.00112311
0.000274234
6.61901e-05
1.59055e-05
3.81459e-06
9.14679e-07
2.21836e-07
6.48258e-08
0.00901871
0.00289527
0.000775866
0.000193789
4.70806e-05
1.13102e-05
2.70353e-06
6.44934e-07
1.55411e-07
4.51016e-08
0.0109466
0.00346945
0.000912121
0.000222991
5.30731e-05
1.2522e-05
2.94836e-06
6.94662e-07
1.65653e-07
4.7616e-08
0.0116102
0.00370759
0.000980012
0.000240154
5.7134e-05
1.34474e-05
3.15478e-06
7.40142e-07
1.75665e-07
5.0219e-08
0.0117945
0.0037849
0.0010057
0.000247612
5.91243e-05
1.39505e-05
3.27755e-06
7.69395e-07
1.82557e-07
5.21195e-08
0.0118404
0.00380643
0.00101371
0.000250174
5.98649e-05
1.41507e-05
3.32956e-06
7.82634e-07
1.85897e-07
5.3097e-08
0.0118455
0.00380874
0.00101442
0.000250321
5.98762e-05
1.41444e-05
3.32614e-06
7.8172e-07
1.85764e-07
5.30911e-08
0.0118227
0.00379539
0.0010085
0.000248115
5.91403e-05
1.39193e-05
3.26229e-06
7.64915e-07
1.81611e-07
5.1918e-08
0.0117173
0.00373795
0.000985694
0.000240648
5.69586e-05
1.33253e-05
3.10861e-06
7.26765e-07
1.72411e-07
4.93478e-08
0.0112858
0.00351931
0.0009118
0.000220035
5.17799e-05
1.20985e-05
2.82725e-06
6.63325e-07
1.58115e-07
4.55385e-08
0.00940765
0.0027422
0.000709038
0.000174889
4.23887e-05
1.0203e-05
2.44853e-06
5.87225e-07
1.42417e-07
4.16158e-08
0.00300905
0.00098183
0.000265469
6.65834e-05
1.62048e-05
3.8956e-06
9.31426e-07
2.22216e-07
5.35498e-08
1.55408e-08
0.00365192
0.00117606
0.000311977
7.66001e-05
1.82654e-05
4.31278e-06
1.01576e-06
2.39348e-07
5.70783e-08
1.6407e-08
0.00387694
0.0012574
0.000335269
8.25021e-05
1.96634e-05
4.63154e-06
1.08688e-06
2.55019e-07
6.0528e-08
1.73038e-08
0.00394006
0.00128394
0.000344102
8.50693e-05
2.03489e-05
4.80488e-06
1.12918e-06
2.65101e-07
6.29029e-08
1.79587e-08
0.00395574
0.00129134
0.000346859
8.59515e-05
2.0604e-05
4.87383e-06
1.14711e-06
2.69664e-07
6.40539e-08
1.82958e-08
0.00395758
0.00129214
0.000347103
8.6002e-05
2.06077e-05
4.87163e-06
1.14592e-06
2.69348e-07
6.4008e-08
1.82938e-08
0.00394966
0.00128755
0.000345068
8.52419e-05
2.03542e-05
4.79407e-06
1.12393e-06
2.63558e-07
6.25762e-08
1.7889e-08
0.00391361
0.00126782
0.000337219
8.26707e-05
1.96027e-05
4.58949e-06
1.07101e-06
2.50419e-07
5.94064e-08
1.70027e-08
0.0037648
0.00119266
0.000311796
7.55727e-05
1.78188e-05
4.16692e-06
9.74099e-07
2.28568e-07
5.44813e-08
1.56899e-08
0.00310114
0.000926097
0.000242219
6.0052e-05
1.45866e-05
3.5141e-06
8.43611e-07
2.02341e-07
4.90714e-08
1.43387e-08
0.0041064
0.000903581
0.000213458
5.3575e-05
1.3357e-05
3.29173e-06
8.03934e-07
1.95143e-07
4.76758e-08
1.39911e-08
0.00356846
0.000796449
0.000203233
5.23362e-05
1.3185e-05
3.26595e-06
7.99772e-07
1.94389e-07
4.75199e-08
1.39513e-08
0.002571
0.000695401
0.000193734
5.12037e-05
1.30303e-05
3.24286e-06
7.95989e-07
1.93689e-07
4.73763e-08
1.39163e-08
0.00123929
0.000600256
0.000185079
5.01884e-05
1.28931e-05
3.22245e-06
7.92605e-07
1.93056e-07
4.72478e-08
1.38862e-08
-0.000165652
0.000512659
0.000177386
4.92999e-05
1.27743e-05
3.20474e-06
7.8964e-07
1.92497e-07
4.7136e-08
1.38609e-08
-0.00144411
0.000435028
0.000170768
4.85465e-05
1.26742e-05
3.18982e-06
7.87121e-07
1.92022e-07
4.70421e-08
1.38402e-08
-0.00248789
0.000369804
0.000165331
4.79353e-05
1.25934e-05
3.17776e-06
7.8507e-07
1.91634e-07
4.69667e-08
1.38241e-08
-0.00325693
0.000319059
0.000161168
4.74721e-05
1.25324e-05
3.16862e-06
7.83511e-07
1.9134e-07
4.69102e-08
1.38122e-08
-0.00375121
0.000284348
0.000158352
4.71612e-05
1.24916e-05
3.16249e-06
7.82459e-07
1.91142e-07
4.68726e-08
1.38044e-08
-0.00398823
0.000266684
0.000156933
4.70054e-05
1.24711e-05
3.15941e-06
7.81929e-07
1.91043e-07
4.68539e-08
1.38006e-08
0.0106536
0.00247335
0.000611436
0.000154916
3.87212e-05
9.54998e-06
2.33278e-06
5.66245e-07
1.38345e-07
4.06043e-08
0.00936472
0.0022031
0.000582998
0.000151381
3.8227e-05
9.47535e-06
2.32062e-06
5.64038e-07
1.37894e-07
4.04912e-08
0.00686862
0.00194182
0.000556551
0.000148147
3.77805e-05
9.40825e-06
2.30959e-06
5.62009e-07
1.37482e-07
4.03913e-08
0.00353783
0.00169189
0.000532426
0.000145246
3.73841e-05
9.3488e-06
2.29974e-06
5.60184e-07
1.37115e-07
4.03048e-08
-1.26528e-05
0.0014592
0.000510958
0.000142705
3.70398e-05
9.29723e-06
2.29114e-06
5.58581e-07
1.36796e-07
4.02316e-08
-0.00332418
0.00125108
0.000492476
0.000140549
3.67496e-05
9.25377e-06
2.28385e-06
5.57221e-07
1.36528e-07
4.01715e-08
-0.00614874
0.00107468
0.000477282
0.000138799
3.65153e-05
9.21864e-06
2.27793e-06
5.56116e-07
1.36312e-07
4.01242e-08
-0.00836434
0.000936273
0.000465641
0.000137472
3.63382e-05
9.19207e-06
2.27344e-06
5.55279e-07
1.36151e-07
4.00891e-08
-0.00990357
0.000840884
0.000457766
0.00013658
3.62195e-05
9.17424e-06
2.27042e-06
5.54718e-07
1.36043e-07
4.0066e-08
-0.0107112
0.000792103
0.000453804
0.000136134
3.61599e-05
9.16527e-06
2.26891e-06
5.5444e-07
1.35991e-07
4.00547e-08
0.0139534
0.00357768
0.000932552
0.000239691
6.01755e-05
1.48635e-05
3.63242e-06
8.8181e-07
2.15451e-07
6.32398e-08
0.0123461
0.00321594
0.000890867
0.000234322
5.94143e-05
1.47475e-05
3.61342e-06
8.78362e-07
2.14752e-07
6.30659e-08
0.00932694
0.00286358
0.0008521
0.000229411
5.8726e-05
1.46432e-05
3.59619e-06
8.75203e-07
2.14115e-07
6.2912e-08
0.00531811
0.00252487
0.000816741
0.000225005
5.81143e-05
1.45507e-05
3.58083e-06
8.72366e-07
2.13548e-07
6.27784e-08
0.000964129
0.00220798
0.000785281
0.000221147
5.75829e-05
1.44704e-05
3.56742e-06
8.69882e-07
2.13056e-07
6.26652e-08
-0.00325102
0.00192275
0.000758196
0.000217873
5.71347e-05
1.44028e-05
3.55607e-06
8.67775e-07
2.12642e-07
6.25719e-08
-0.00704037
0.00167916
0.00073593
0.000215214
5.67726e-05
1.43481e-05
3.54688e-06
8.66069e-07
2.1231e-07
6.24981e-08
-0.0102061
0.00148644
0.000718871
0.000213198
5.64989e-05
1.43068e-05
3.53991e-06
8.64779e-07
2.12061e-07
6.24434e-08
-0.0125607
0.00135256
0.000707335
0.000211844
5.63153e-05
1.4279e-05
3.53524e-06
8.63918e-07
2.11896e-07
6.24073e-08
-0.0138822
0.0012837
0.000701541
0.000211167
5.62231e-05
1.42651e-05
3.53291e-06
8.63494e-07
2.11816e-07
6.23896e-08
0.0138249
0.00415385
0.0011455
0.000299435
7.55983e-05
1.87097e-05
4.57539e-06
1.11093e-06
2.71449e-07
7.96834e-08
0.0122298
0.00376189
0.00109645
0.000292873
7.46514e-05
1.8564e-05
4.55138e-06
1.10658e-06
2.70573e-07
7.94666e-08
0.00951002
0.00338176
0.00105089
0.000286872
7.37949e-05
1.84329e-05
4.52964e-06
1.1026e-06
2.69777e-07
7.92744e-08
0.00594629
0.0030179
0.00100941
0.000281491
7.30335e-05
1.83166e-05
4.51026e-06
1.09904e-06
2.69068e-07
7.91074e-08
0.00197736
0.00267806
0.000972545
0.000276778
7.23717e-05
1.82157e-05
4.49338e-06
1.09592e-06
2.68453e-07
7.89653e-08
-0.00204117
0.0023718
0.000940845
0.00027278
7.18135e-05
1.81307e-05
4.4791e-06
1.09329e-06
2.67936e-07
7.88481e-08
-0.00585031
0.00210929
0.00091481
0.000269535
7.13624e-05
1.8062e-05
4.46755e-06
1.09115e-06
2.67521e-07
7.87551e-08
-0.0092078
0.00190059
0.000894878
0.000267074
7.10213e-05
1.80101e-05
4.4588e-06
1.08954e-06
2.6721e-07
7.86861e-08
-0.0118333
0.00175488
0.000881407
0.000265422
7.07926e-05
1.79752e-05
4.45294e-06
1.08846e-06
2.67004e-07
7.86405e-08
-0.013372
0.00167965
0.00087465
0.000264595
7.06778e-05
1.79577e-05
4.45002e-06
1.08794e-06
2.66904e-07
7.86182e-08
0.0111509
0.00423323
0.00123577
0.00032875
8.35131e-05
2.07146e-05
5.06958e-06
1.23121e-06
3.00864e-07
8.83261e-08
0.00974295
0.00385459
0.00118497
0.000321705
8.24781e-05
2.05537e-05
5.04292e-06
1.22639e-06
2.99899e-07
8.8088e-08
0.00768585
0.00349198
0.0011379
0.000315266
8.15415e-05
2.04088e-05
5.0188e-06
1.22199e-06
2.99022e-07
8.78767e-08
0.00507813
0.00314892
0.00109514
0.000309494
8.07087e-05
2.02804e-05
4.99732e-06
1.21805e-06
2.98242e-07
8.76927e-08
0.00211066
0.00283125
0.00105724
0.000304442
7.99847e-05
2.01689e-05
4.97862e-06
1.21461e-06
2.97566e-07
8.7536e-08
-0.00102314
0.00254642
0.00102472
0.000300158
7.93739e-05
2.0075e-05
4.96283e-06
1.2117e-06
2.96997e-07
8.74063e-08
-0.00412774
0.00230286
0.000998056
0.000296681
7.88803e-05
1.99991e-05
4.95005e-06
1.20935e-06
2.96541e-07
8.73033e-08
-0.00697217
0.00210933
0.000977674
0.000294045
7.85071e-05
1.99418e-05
4.94039e-06
1.20757e-06
2.96199e-07
8.72267e-08
-0.00926862
0.00197418
0.000963916
0.000292276
7.82569e-05
1.99033e-05
4.93392e-06
1.20639e-06
2.95972e-07
8.71762e-08
-0.0106478
0.0019044
0.000957023
0.000291391
7.81313e-05
1.9884e-05
4.93069e-06
1.20581e-06
2.95863e-07
8.71515e-08
0.0074713
0.00390197
0.00120344
0.000325589
8.32185e-05
2.06884e-05
5.0672e-06
1.23094e-06
3.00825e-07
8.83223e-08
0.00627653
0.00356463
0.00115568
0.000318756
8.21976e-05
2.05282e-05
5.0405e-06
1.22612e-06
2.99865e-07
8.80864e-08
0.00484582
0.00324683
0.00111156
0.000312515
8.12736e-05
2.03838e-05
5.01636e-06
1.22172e-06
2.98994e-07
8.78768e-08
0.0031618
0.00295101
0.00107159
0.000306923
8.04518e-05
2.02557e-05
4.99489e-06
1.21779e-06
2.98219e-07
8.76938e-08
0.00124876
0.00268091
0.00103627
0.000302031
7.97372e-05
2.01447e-05
4.97621e-06
1.21436e-06
2.97547e-07
8.75378e-08
-0.000820297
0.00244148
0.00100604
0.000297883
7.91344e-05
2.00511e-05
4.96044e-06
1.21147e-06
2.96983e-07
8.74084e-08
-0.00292096
0.00223857
0.000981316
0.000294519
7.86471e-05
1.99755e-05
4.94769e-06
1.20913e-06
2.9653e-07
8.73056e-08
-0.00488063
0.00207844
0.000962456
0.00029197
7.82788e-05
1.99184e-05
4.93806e-06
1.20737e-06
2.9619e-07
8.7229e-08
-0.00648217
0.0019672
0.000949745
0.000290259
7.80318e-05
1.98801e-05
4.93161e-06
1.20619e-06
2.95966e-07
8.71784e-08
-0.00745108
0.00191003
0.000943385
0.000289404
7.7908e-05
1.98609e-05
4.9284e-06
1.20562e-06
2.95857e-07
8.71538e-08
0.00407238
0.00326798
0.00105999
0.000291125
7.48265e-05
1.86413e-05
4.56918e-06
1.11022e-06
2.71342e-07
7.96728e-08
0.00306585
0.00298963
0.00101908
0.000285125
7.3917e-05
1.84972e-05
4.54507e-06
1.10586e-06
2.7048e-07
7.9462e-08
0.00207884
0.00273156
0.000981391
0.000279648
7.30936e-05
1.83674e-05
4.52327e-06
1.10189e-06
2.69699e-07
7.92744e-08
0.00105674
0.00249546
0.000947349
0.000274742
7.2361e-05
1.82522e-05
4.5039e-06
1.09836e-06
2.69005e-07
7.91104e-08
-4.5441e-05
0.00228352
0.000917349
0.000270452
7.17239e-05
1.81523e-05
4.48705e-06
1.09528e-06
2.68403e-07
7.89702e-08
-0.00121768
0.00209857
0.000891748
0.000266817
7.11864e-05
1.80681e-05
4.47285e-06
1.09268e-06
2.67898e-07
7.8854e-08
-0.00239468
0.00194403
0.000870865
0.00026387
7.0752e-05
1.80002e-05
4.46137e-06
1.09058e-06
2.67492e-07
7.87614e-08
-0.00347697
0.00182357
0.000854969
0.000261636
7.04235e-05
1.79489e-05
4.4527e-06
1.089e-06
2.67188e-07
7.86923e-08
-0.00434636
0.00174076
0.000844275
0.000260139
7.02034e-05
1.79145e-05
4.4469e-06
1.08795e-06
2.66987e-07
7.86468e-08
-0.00486303
0.00169855
0.00083893
0.000259391
7.00932e-05
1.78972e-05
4.44402e-06
1.08743e-06
2.66889e-07
7.86246e-08
0.00165637
0.00243663
0.000824824
0.000229343
5.92205e-05
1.47794e-05
3.62484e-06
8.8091e-07
2.15309e-07
6.32248e-08
0.00083964
0.00222909
0.000793627
0.000224685
5.85062e-05
1.46654e-05
3.60566e-06
8.77447e-07
2.14629e-07
6.30591e-08
0.00015032
0.00203916
0.000764951
0.000220434
5.78592e-05
1.45626e-05
3.58834e-06
8.74304e-07
2.14012e-07
6.29114e-08
-0.00045861
0.00186803
0.000739115
0.000216627
5.72834e-05
1.44714e-05
3.57295e-06
8.71504e-07
2.13465e-07
6.27822e-08
-0.00104004
0.00171691
0.000716404
0.0002133
5.67826e-05
1.43923e-05
3.55958e-06
8.69066e-07
2.12991e-07
6.26716e-08
-0.00160638
0.00158724
0.000697071
0.000210481
5.636e-05
1.43256e-05
3.54831e-06
8.67011e-07
2.12593e-07
6.25797e-08
-0.00213205
0.00148066
0.000681336
0.000208196
5.60185e-05
1.42718e-05
3.53922e-06
8.65353e-07
2.12273e-07
6.25065e-08
-0.00257711
0.00139886
0.000669383
0.000206466
5.57603e-05
1.42312e-05
3.53235e-06
8.64105e-07
2.12034e-07
6.24519e-08
-0.00290393
0.00134338
0.000661354
0.000205306
5.55873e-05
1.42039e-05
3.52776e-06
8.63274e-07
2.11875e-07
6.24158e-08
-0.00308113
0.00131541
0.000657346
0.000204727
5.55008e-05
1.41903e-05
3.52548e-06
8.62867e-07
2.11798e-07
6.23983e-08
0.000412923
0.00149498
0.000522158
0.000146468
3.79473e-05
9.48265e-06
2.32677e-06
5.65503e-07
1.38218e-07
4.0589e-08
-0.000156543
0.00136672
0.000502668
0.000143524
3.74921e-05
9.40951e-06
2.31441e-06
5.63276e-07
1.37784e-07
4.04839e-08
-0.000598479
0.00125033
0.000484783
0.000140838
3.70796e-05
9.34353e-06
2.30326e-06
5.61257e-07
1.3739e-07
4.039e-08
-0.000939415
0.00114661
0.000468695
0.000138433
3.67125e-05
9.28502e-06
2.29336e-06
5.59461e-07
1.37041e-07
4.03078e-08
-0.00121437
0.00105622
0.000454578
0.000136331
3.63932e-05
9.23425e-06
2.28477e-06
5.57899e-07
1.36739e-07
4.02373e-08
-0.0014371
0.000979771
0.000442582
0.000134551
3.61237e-05
9.19149e-06
2.27753e-06
5.56583e-07
1.36485e-07
4.01787e-08
-0.00160314
0.000917867
0.000432836
0.000133109
3.59059e-05
9.15698e-06
2.27169e-06
5.55522e-07
1.36281e-07
4.01319e-08
-0.00170626
0.000871058
0.000425444
0.000132016
3.57412e-05
9.13093e-06
2.26729e-06
5.54724e-07
1.36129e-07
4.0097e-08
-0.00175014
0.000839747
0.000420485
0.000131285
3.56309e-05
9.1135e-06
2.26435e-06
5.54194e-07
1.36028e-07
4.00739e-08
-0.00175467
0.000824141
0.000418014
0.00013092
3.55759e-05
9.10479e-06
2.26289e-06
5.53935e-07
1.35979e-07
4.00628e-08
5.9137e-05
0.000503287
0.000178586
5.03225e-05
1.30612e-05
3.26627e-06
8.01662e-07
1.94846e-07
4.76213e-08
1.39842e-08
-0.000158916
0.00045983
0.000171965
4.9317e-05
1.2905e-05
3.24106e-06
7.97391e-07
1.94076e-07
4.74721e-08
1.39483e-08
-0.000321969
0.000420525
0.000165891
4.83996e-05
1.27635e-05
3.21834e-06
7.93537e-07
1.93379e-07
4.7337e-08
1.39162e-08
-0.000438777
0.000385696
0.000160432
4.75785e-05
1.26376e-05
3.19819e-06
7.90117e-07
1.92758e-07
4.7217e-08
1.38881e-08
-0.000520634
0.000355566
0.000155646
4.68609e-05
1.25281e-05
3.18071e-06
7.8715e-07
1.92219e-07
4.71131e-08
1.3864e-08
-0.000573163
0.000330309
0.000151584
4.62533e-05
1.24357e-05
3.16599e-06
7.84652e-07
1.91765e-07
4.70259e-08
1.3844e-08
-0.000597793
0.000310059
0.000148287
4.57609e-05
1.2361e-05
3.15412e-06
7.82639e-07
1.914e-07
4.69559e-08
1.3828e-08
-0.000596948
0.000294905
0.000145789
4.53882e-05
1.23045e-05
3.14516e-06
7.81122e-07
1.91126e-07
4.69036e-08
1.3816e-08
-0.000577822
0.000284875
0.000144116
4.51388e-05
1.22667e-05
3.13916e-06
7.80113e-07
1.90945e-07
4.68693e-08
1.38082e-08
-0.000555913
0.000279926
0.000143287
4.50152e-05
1.22479e-05
3.13618e-06
7.79616e-07
1.90858e-07
4.68532e-08
1.38045e-08
)
;

boundaryField
{
    strip0
    {
        type            fixedValue;
        value           uniform 1;
    }
    back1
    {
        type            fixedValue;
        value           uniform 0;
    }
    back2
    {
        type            fixedValue;
        value           uniform 0;
    }
    back3
    {
        type            fixedValue;
        value           uniform 0;
    }
    back4
    {
        type            fixedValue;
        value           uniform 0;
    }
    back5
    {
        type            fixedValue;
        value           uniform 0;
    }
    back6
    {
        type            fixedValue;
        value           uniform 0;
    }
    back7
    {
        type            fixedValue;
        value           uniform 0;
    }
    back8
    {
        type            fixedValue;
        value           uniform 0;
    }
    back9
    {
        type            fixedValue;
        value           uniform 0;
    }
    front1
    {
        type            fixedValue;
        value           uniform 0;
    }
    front2
    {
        type            fixedValue;
        value           uniform 0;
    }
    front3
    {
        type            fixedValue;
        value           uniform 0;
    }
    front4
    {
        type            fixedValue;
        value           uniform 0;
    }
    front6
    {
        type            fixedValue;
        value           uniform 0;
    }
    front7
    {
        type            fixedValue;
        value           uniform 0;
    }
    front8
    {
        type            fixedValue;
        value           uniform 0;
    }
    front9
    {
        type            fixedValue;
        value           uniform 0;
    }
    defaultFaces
    {
        type            empty;
    }
}


// ************************************************************************* //
